0.00000
0.00288
0.00576
0.00863
0.01149
0.01435
0.01720
0.02004
0.02288
0.02571
0.02853
0.03135
0.03416
0.03697
0.03977
0.04256
0.04535
0.04813
0.05091
0.05368
0.05644
0.05920
0.06195
0.06469
0.06743
0.07017
0.07290
0.07562
0.07833
0.08105
0.08375
0.08645
0.08915
0.09183
0.09452
0.09720
0.09987
0.10253
0.10520
0.10785
0.11050
0.11315
0.11579
0.11842
0.12105
0.12368
0.12630
0.12891
0.13152
0.13412
0.13672
0.13932
0.14190
0.14449
0.14707
0.14964
0.15221
0.15477
0.15733
0.15989
0.16243
0.16498
0.16752
0.17005
0.17258
0.17511
0.17763
0.18015
0.18266
0.18516
0.18767
0.19016
0.19266
0.19515
0.19763
0.20011
0.20258
0.20505
0.20752
0.20998
0.21244
0.21489
0.21734
0.21979
0.22223
0.22466
0.22709
0.22952
0.23194
0.23436
0.23678
0.23919
0.24159
0.24399
0.24639
0.24879
0.25118
0.25356
0.25594
0.25832
0.26069
0.26306
0.26543
0.26779
0.27015
0.27250
0.27485
0.27720
0.27954
0.28188
0.28421
0.28654
0.28887
0.29119
0.29351
0.29583
0.29814
0.30045
0.30275
0.30505
0.30735
0.30964
0.31193
0.31422
0.31650
0.31878
0.32105
0.32333
0.32559
0.32786
0.33012
0.33238
0.33463
0.33688
0.33913
0.34137
0.34361
0.34585
0.34808
0.35031
0.35254
0.35476
0.35698
0.35920
0.36141
0.36362
0.36582
0.36803
0.37023
0.37242
0.37462
0.37681
0.37899
0.38118
0.38336
0.38553
0.38771
0.38988
0.39205
0.39421
0.39637
0.39853
0.40068
0.40284
0.40499
0.40713
0.40927
0.41141
0.41355
0.41568
0.41781
0.41994
0.42207
0.42419
0.42631
0.42842
0.43053
0.43264
0.43475
0.43686
0.43896
0.44105
0.44315
0.44524
0.44733
0.44942
0.45150
0.45358
0.45566
0.45774
0.45981
0.46188
0.46394
0.46601
0.46807
0.47013
0.47218
0.47424
0.47629
0.47833
0.48038
0.48242
0.48446
0.48650
0.48853
0.49056
0.49259
0.49462
0.49664
0.49866
0.50068
0.50270
0.50471
0.50672
0.50873
0.51073
0.51274
0.51474
0.51674
0.51873
0.52072
0.52271
0.52470
0.52669
0.52867
0.53065
0.53263
0.53460
0.53657
0.53854
0.54051
0.54248
0.54444
0.54640
0.54836
0.55032
0.55227
0.55422
0.55617
0.55811
0.56006
0.56200
0.56394
0.56588
0.56781
0.56974
0.57167
0.57360
0.57552
0.57745
0.57937
0.58129
0.58320
0.58512
0.58703
0.58894
0.59084
0.59275
0.59465
0.59655
0.59845
0.60034
0.60224
0.60413
0.60602
0.60791
0.60979
0.61167
0.61355
0.61543
0.61731
0.61918
0.62105
0.62292
0.62479
0.62666
0.62852
0.63038
0.63224
0.63410
0.63595
0.63781
0.63966
0.64150
0.64335
0.64520
0.64704
0.64888
0.65072
0.65255
0.65439
0.65622
0.65805
0.65988
0.66171
0.66353
0.66535
0.66717
0.66899
0.67081
0.67262
0.67444
0.67625
0.67805
0.67986
0.68167
0.68347
0.68527
0.68707
0.68887
0.69066
0.69245
0.69425
0.69603
0.69782
0.69961
0.70139
0.70317
0.70495
0.70673
0.70851
0.71028
0.71205
0.71383
0.71559
0.71736
0.71913
0.72089
0.72265
0.72441
0.72617
0.72793
0.72968
0.73143
0.73318
0.73493
0.73668
0.73842
0.74017
0.74191
0.74365
0.74539
0.74713
0.74886
0.75059
0.75232
0.75405
0.75578
0.75751
0.75923
0.76096
0.76268
0.76440
0.76611
0.76783
0.76954
0.77126
0.77297
0.77468
0.77638
0.77809
0.77979
0.78150
0.78320
0.78490
0.78659
0.78829
0.78999
0.79168
0.79337
0.79506
0.79675
0.79843
0.80012
0.80180
0.80348
0.80516
0.80684
0.80852
0.81019
0.81186
0.81354
0.81521
0.81688
0.81854
0.82021
0.82187
0.82353
0.82520
0.82685
0.82851
0.83017
0.83182
0.83348
0.83513
0.83678
0.83843
0.84007
0.84172
0.84336
0.84501
0.84665
0.84829
0.84993
0.85156
0.85320
0.85483
0.85646
0.85809
0.85972
0.86135
0.86298
0.86460
0.86622
0.86785
0.86947
0.87109
0.87270
0.87432
0.87593
0.87755
0.87916
0.88077
0.88238
0.88399
0.88559
0.88720
0.88880
0.89040
0.89200
0.89360
0.89520
0.89680
0.89839
0.89998
0.90158
0.90317
0.90476
0.90634
0.90793
0.90952
0.91110
0.91268
0.91426
0.91584
0.91742
0.91900
0.92057
0.92215
0.92372
0.92529
0.92686
0.92843
0.93000
0.93157
0.93313
0.93470
0.93626
0.93782
0.93938
0.94094
0.94249
0.94405
0.94561
0.94716
0.94871
0.95026
0.95181
0.95336
0.95491
0.95645
0.95800
0.95954
0.96108
0.96262
0.96416
0.96570
0.96724
0.96877
0.97031
0.97184
0.97337
0.97490
0.97643
0.97796
0.97948
0.98101
0.98253
0.98406
0.98558
0.98710
0.98862
0.99014
0.99165
0.99317
0.99468
0.99620
0.99771
0.99922
1.00073
1.00224
1.00375
1.00525
1.00676
1.00826
1.00976
1.01127
1.01277
1.01427
1.01576
1.01726
1.01876
1.02025
1.02174
1.02324
1.02473
1.02622
1.02771
1.02919
1.03068
1.03216
1.03365
1.03513
1.03661
1.03809
1.03957
1.04105
1.04253
1.04400
1.04548
1.04695
1.04843
1.04990
1.05137
1.05284
1.05431
1.05577
1.05724
1.05870
1.06017
1.06163
1.06309
1.06455
1.06601
1.06747
1.06893
1.07038
1.07184
1.07329
1.07475
1.07620
1.07765
1.07910
1.08055
1.08200
1.08344
1.08489
1.08633
1.08778
1.08922
1.09066
1.09210
1.09354
1.09498
1.09641
1.09785
1.09928
1.10072
1.10215
1.10358
1.10501
1.10644
1.10787
1.10930
1.11073
1.11215
1.11358
1.11500
1.11642
1.11785
1.11927
1.12069
1.12210
1.12352
1.12494
1.12635
1.12777
1.12918
1.13059
1.13201
1.13342
1.13483
1.13623
1.13764
1.13905
1.14045
1.14186
1.14326
1.14466
1.14607
1.14747
1.14887
1.15027
1.15166
1.15306
1.15446
1.15585
1.15724
1.15864
1.16003
1.16142
1.16281
1.16420
1.16559
1.16698
1.16836
1.16975
1.17113
1.17251
1.17390
1.17528
1.17666
1.17804
1.17942
1.18080
1.18217
1.18355
1.18492
1.18630
1.18767
1.18904
1.19041
1.19178
1.19315
1.19452
1.19589
1.19726
1.19862
1.19999
1.20135
1.20271
1.20408
1.20544
1.20680
1.20816
1.20952
1.21087
1.21223
1.21359
1.21494
1.21630
1.21765
1.21900
1.22035
1.22170
1.22305
1.22440
1.22575
1.22710
1.22844
1.22979
1.23113
1.23248
1.23382
1.23516
1.23650
1.23784
1.23918
1.24052
1.24186
1.24319
1.24453
1.24587
1.24720
1.24853
1.24986
1.25120
1.25253
1.25386
1.25519
1.25651
1.25784
1.25917
1.26049
1.26182
1.26314
1.26447
1.26579
1.26711
1.26843
1.26975
1.27107
1.27239
1.27370
1.27502
1.27634
1.27765
1.27897
1.28028
1.28159
1.28290
1.28421
1.28552
1.28683
1.28814
1.28945
1.29076
1.29206
1.29337
1.29467
1.29597
1.29728
1.29858
1.29988
1.30118
1.30248
1.30378
1.30508
1.30637
1.30767
1.30897
1.31026
1.31155
1.31285
1.31414
1.31543
1.31672
1.31801
1.31930
1.32059
1.32188
1.32317
1.32445
1.32574
1.32702
1.32831
1.32959
1.33087
1.33215
1.33343
1.33471
1.33599
1.33727
1.33855
1.33983
1.34110
1.34238
1.34365
1.34493
1.34620
1.34747
1.34874
1.35002
1.35129
1.35256
1.35382
1.35509
1.35636
1.35763
1.35889
1.36016
1.36142
1.36269
1.36395
1.36521
1.36647
1.36773
1.36899
1.37025
1.37151
1.37277
1.37403
1.37528
1.37654
1.37779
1.37905
1.38030
1.38155
1.38280
1.38406
1.38531
1.38656
1.38781
1.38905
1.39030
1.39155
1.39280
1.39404
1.39529
1.39653
1.39777
1.39902
1.40026
1.40150
1.40274
1.40398
1.40522
1.40646
1.40770
1.40893
1.41017
1.41141
1.41264
1.41388
1.41511
1.41634
1.41758
1.41881
1.42004
1.42127
1.42250
1.42373
1.42496
1.42618
1.42741
1.42864
1.42986
1.43109
1.43231
1.43353
1.43476
1.43598
1.43720
1.43842
1.43964
1.44086
1.44208
1.44330
1.44452
1.44573
1.44695
1.44817
1.44938
1.45060
1.45181
1.45302
1.45423
1.45545
1.45666
1.45787
1.45908
1.46029
1.46149
1.46270
1.46391
1.46512
1.46632
1.46753
1.46873
1.46993
1.47114
1.47234
1.47354
1.47474
1.47594
1.47714
1.47834
1.47954
1.48074
1.48194
1.48314
1.48433
1.48553
1.48672
1.48792
1.48911
1.49030
1.49150
1.49269
1.49388
1.49507
1.49626
1.49745
1.49864
1.49983
1.50101
1.50220
1.50339
1.50457
1.50576
1.50694
1.50813
1.50931
1.51049
1.51167
1.51285
1.51404
1.51522
1.51639
1.51757
1.51875
1.51993
1.52111
1.52228
1.52346
1.52463
1.52581
1.52698
1.52816
1.52933
1.53050
1.53167
1.53284
1.53402
1.53519
1.53635
1.53752
1.53869
1.53986
1.54103
1.54219
1.54336
1.54452
1.54569
1.54685
1.54802
1.54918
1.55034
1.55150
1.55266
1.55382
1.55498
1.55614
1.55730
1.55846
1.55962
1.56077
1.56193
1.56309
1.56424
1.56540
1.56655
1.56771
1.56886
1.57001
1.57116
1.57231
1.57346
1.57462
1.57576
1.57691
1.57806
1.57921
1.58036
1.58150
1.58265
1.58380
1.58494
1.58609
1.58723
1.58837
1.58952
1.59066
1.59180
1.59294
1.59408
1.59522
1.59636
1.59750
1.59864
1.59978
1.60092
1.60205
1.60319
1.60432
1.60546
1.60659
1.60773
1.60886
1.61000
1.61113
1.61226
1.61339
1.61452
1.61565
1.61678
1.61791
1.61904
1.62017
1.62130
1.62242
1.62355
1.62468
1.62580
1.62693
1.62805
1.62917
1.63030
1.63142
1.63254
1.63366
1.63479
1.63591
1.63703
1.63815
1.63927
1.64038
1.64150
1.64262
1.64374
1.64485
1.64597
1.64709
1.64820
1.64931
1.65043
1.65154
1.65265
1.65377
1.65488
1.65599
1.65710
1.65821
1.65932
1.66043
1.66154
1.66265
1.66376
1.66486
1.66597
1.66708
1.66818
1.66929
1.67039
1.67150
1.67260
1.67370
1.67481
1.67591
1.67701
1.67811
1.67921
1.68031
1.68141
1.68251
1.68361
1.68471
1.68581
1.68690
1.68800
1.68910
1.69019
1.69129
1.69238
1.69348
1.69457
1.69566
1.69676
1.69785
1.69894
1.70003
1.70112
1.70221
1.70330
1.70439
1.70548
1.70657
1.70766
1.70874
1.70983
1.71092
1.71200
1.71309
1.71417
1.71526
1.71634
1.71743
1.71851
1.71959
1.72067
1.72176
1.72284
1.72392
1.72500
1.72608
1.72716
1.72824
1.72931
1.73039
1.73147
1.73255
1.73362
1.73470
1.73577
1.73685
1.73792
1.73900
1.74007
1.74114
1.74222
1.74329
1.74436
1.74543
1.74650
1.74757
1.74864
1.74971
1.75078
1.75185
1.75292
1.75399
1.75505
1.75612
1.75719
1.75825
1.75932
1.76038
1.76145
1.76251
1.76357
1.76464
1.76570
1.76676
1.76782
1.76889
1.76995
1.77101
1.77207
1.77313
1.77418
1.77524
1.77630
1.77736
1.77842
1.77947
1.78053
1.78158
1.78264
1.78370
1.78475
1.78580
1.78686
1.78791
1.78896
1.79002
1.79107
1.79212
1.79317
1.79422
1.79527
1.79632
1.79737
1.79842
1.79947
1.80051
1.80156
1.80261
1.80366
1.80470
1.80575
1.80679
1.80784
1.80888
1.80993
1.81097
1.81201
1.81306
1.81410
1.81514
1.81618
1.81722
1.81826
1.81930
1.82034
1.82138
1.82242
1.82346
1.82450
1.82553
1.82657
1.82761
1.82865
1.82968
1.83072
1.83175
1.83279
1.83382
1.83485
1.83589
1.83692
1.83795
1.83899
1.84002
1.84105
1.84208
1.84311
1.84414
1.84517
1.84620
1.84723
1.84826
1.84928
1.85031
1.85134
1.85236
1.85339
1.85442
1.85544
1.85647
1.85749
1.85852
1.85954
1.86056
1.86159
1.86261
1.86363
1.86465
1.86567
1.86670
1.86772
1.86874
1.86976
1.87078
1.87179
1.87281
1.87383
1.87485
1.87587
1.87688
1.87790
1.87892
1.87993
1.88095
1.88196
1.88298
1.88399
1.88500
1.88602
1.88703
1.88804
1.88906
1.89007
1.89108
1.89209
1.89310
1.89411
1.89512
1.89613
1.89714
1.89815
1.89916
1.90016
1.90117
1.90218
1.90318
1.90419
1.90520
1.90620
1.90721
1.90821
1.90922
1.91022
1.91122
1.91223
1.91323
1.91423
1.91523
1.91624
1.91724
1.91824
1.91924
1.92024
1.92124
1.92224
1.92324
1.92424
1.92523
1.92623
1.92723
1.92823
1.92922
1.93022
1.93122
1.93221
1.93321
1.93420
1.93520
1.93619
1.93718
1.93818
1.93917
1.94016
1.94115
1.94215
1.94314
1.94413
1.94512
1.94611
1.94710
1.94809
1.94908
1.95007
1.95106
1.95204
1.95303
1.95402
1.95501
1.95599
1.95698
1.95796
1.95895
1.95993
1.96092
1.96190
1.96289
1.96387
1.96485
1.96584
1.96682
1.96780
1.96878
1.96977
1.97075
1.97173
1.97271
1.97369
1.97467
1.97565
1.97663
1.97760
1.97858
1.97956
1.98054
1.98152
1.98249
1.98347
1.98444
1.98542
1.98640
1.98737
1.98835
1.98932
1.99029
1.99127
1.99224
1.99321
1.99419
1.99516
1.99613
1.99710
1.99807
1.99904
2.00001
2.00098
2.00195
2.00292
2.00389
2.00486
2.00583
2.00680
2.00776
2.00873
2.00970
2.01066
2.01163
2.01260
2.01356
2.01453
2.01549
2.01646
2.01742
2.01838
2.01935
2.02031
2.02127
2.02224
2.02320
2.02416
2.02512
2.02608
2.02704
2.02800
2.02896
2.02992
2.03088
2.03184
2.03280
2.03376
2.03472
2.03567
2.03663
2.03759
2.03855
2.03950
2.04046
2.04141
2.04237
2.04332
2.04428
2.04523
2.04619
2.04714
2.04809
2.04905
2.05000
2.05095
2.05190
2.05285
2.05381
2.05476
2.05571
2.05666
2.05761
2.05856
2.05951
2.06046
2.06140
2.06235
2.06330
2.06425
2.06520
2.06614
2.06709
2.06804
2.06898
2.06993
2.07087
2.07182
2.07276
2.07371
2.07465
2.07559
2.07654
2.07748
2.07842
2.07937
2.08031
2.08125
2.08219
2.08313
2.08407
2.08501
2.08595
2.08689
2.08783
2.08877
2.08971
2.09065
2.09159
2.09253
2.09346
2.09440
2.09534
2.09627
2.09721
2.09815
2.09908
2.10002
2.10095
2.10189
2.10282
2.10376
2.10469
2.10562
2.10656
2.10749
2.10842
2.10935
2.11029
2.11122
2.11215
2.11308
2.11401
2.11494
2.11587
2.11680
2.11773
2.11866
2.11959
2.12052
2.12144
2.12237
2.12330
2.12423
2.12515
2.12608
2.12701
2.12793
2.12886
2.12978
2.13071
2.13163
2.13256
2.13348
2.13441
2.13533
2.13625
2.13718
2.13810
2.13902
2.13994
2.14086
2.14179
2.14271
2.14363
2.14455
2.14547
2.14639
2.14731
2.14823
2.14915
2.15007
2.15098
2.15190
2.15282
2.15374
2.15465
2.15557
2.15649
2.15740
2.15832
2.15924
2.16015
2.16107
2.16198
2.16290
2.16381
2.16472
2.16564
2.16655
2.16746
2.16838
2.16929
2.17020
2.17111
2.17202
2.17294
2.17385
2.17476
2.17567
2.17658
2.17749
2.17840
2.17931
2.18022
2.18112
2.18203
2.18294
2.18385
2.18476
2.18566
2.18657
2.18748
2.18838
2.18929
2.19019
2.19110
2.19200
2.19291
2.19381
2.19472
2.19562
2.19653
2.19743
2.19833
2.19924
2.20014
2.20104
2.20194
2.20284
2.20374
2.20465
2.20555
2.20645
2.20735
2.20825
2.20915
2.21005
2.21095
2.21184
2.21274
2.21364
2.21454
2.21544
2.21633
2.21723
2.21813
2.21903
2.21992
2.22082
2.22171
2.22261
2.22350
2.22440
2.22529
2.22619
2.22708
2.22798
2.22887
2.22976
2.23066
2.23155
2.23244
2.23333
2.23422
2.23512
2.23601
2.23690
2.23779
2.23868
2.23957
2.24046
2.24135
2.24224
2.24313
2.24402
2.24491
2.24579
2.24668
2.24757
2.24846
2.24934
2.25023
2.25112
2.25200
2.25289
2.25378
2.25466
2.25555
2.25643
2.25732
2.25820
2.25908
2.25997
2.26085
2.26174
2.26262
2.26350
2.26438
2.26527
2.26615
2.26703
2.26791
2.26879
2.26967
2.27055
2.27144
2.27232
2.27320
2.27407
2.27495
2.27583
2.27671
2.27759
2.27847
2.27935
2.28022
2.28110
2.28198
2.28286
2.28373
2.28461
2.28549
2.28636
2.28724
2.28811
2.28899
2.28986
2.29074
2.29161
2.29249
2.29336
2.29423
2.29511
2.29598
2.29685
2.29773
2.29860
2.29947
2.30034
2.30121
2.30208
2.30295
2.30383
2.30470
2.30557
2.30644
2.30731
2.30818
2.30904
2.30991
2.31078
2.31165
2.31252
2.31339
2.31425
2.31512
2.31599
2.31686
2.31772
2.31859
2.31945
2.32032
2.32119
2.32205
2.32292
2.32378
2.32465
2.32551
2.32637
2.32724
2.32810
2.32896
2.32983
2.33069
2.33155
2.33242
2.33328
2.33414
2.33500
2.33586
2.33672
2.33758
2.33844
2.33930
2.34016
2.34102
2.34188
2.34274
2.34360
2.34446
2.34532
2.34618
2.34704
2.34789
2.34875
2.34961
2.35047
2.35132
2.35218
2.35304
2.35389
2.35475
2.35560
2.35646
2.35731
2.35817
2.35902
2.35988
2.36073
2.36158
2.36244
2.36329
2.36414
2.36500
2.36585
2.36670
2.36755
2.36841
2.36926
2.37011
2.37096
2.37181
2.37266
2.37351
2.37436
2.37521
2.37606
2.37691
2.37776
2.37861
2.37946
2.38031
2.38116
2.38200
2.38285
2.38370
2.38455
2.38539
2.38624
2.38709
2.38793
2.38878
2.38963
2.39047
2.39132
2.39216
2.39301
2.39385
2.39470
2.39554
2.39638
2.39723
2.39807
2.39892
2.39976
2.40060
2.40144
2.40229
2.40313
2.40397
2.40481
2.40565
2.40649
2.40734
2.40818
2.40902
2.40986
2.41070
2.41154
2.41238
2.41322
2.41405
2.41489
2.41573
2.41657
2.41741
2.41825
2.41908
2.41992
2.42076
2.42160
2.42243
2.42327
2.42410
2.42494
2.42578
2.42661
2.42745
2.42828
2.42912
2.42995
2.43079
2.43162
2.43246
2.43329
2.43412
2.43496
2.43579
2.43662
2.43745
2.43829
2.43912
2.43995
2.44078
2.44161
2.44245
2.44328
2.44411
2.44494
2.44577
2.44660
2.44743
2.44826
2.44909
2.44992
2.45075
2.45157
2.45240
2.45323
2.45406
2.45489
2.45571
2.45654
2.45737
2.45820
2.45902
2.45985
2.46068
2.46150
2.46233
2.46315
2.46398
2.46480
2.46563
2.46645
2.46728
2.46810
2.46893
2.46975
2.47057
2.47140
2.47222
2.47304
2.47387
2.47469
2.47551
2.47633
2.47716
2.47798
2.47880
2.47962
2.48044
2.48126
2.48208
2.48290
2.48372
2.48454
2.48536
2.48618
2.48700
2.48782
2.48864
2.48946
2.49028
2.49109
2.49191
2.49273
2.49355
2.49436
2.49518
2.49600
2.49682
2.49763
2.49845
2.49926
2.50008
2.50090
2.50171
2.50253
2.50334
2.50416
2.50497
2.50578
2.50660
2.50741
2.50823
2.50904
2.50985
2.51067
2.51148
2.51229
2.51310
2.51392
2.51473
2.51554
2.51635
2.51716
2.51797
2.51878
2.51960
2.52041
2.52122
2.52203
2.52284
2.52365
2.52446
2.52526
2.52607
2.52688
2.52769
2.52850
2.52931
2.53012
2.53092
2.53173
2.53254
2.53335
2.53415
2.53496
2.53577
2.53657
2.53738
2.53818
2.53899
2.53979
2.54060
2.54141
2.54221
2.54301
2.54382
2.54462
2.54543
2.54623
2.54703
2.54784
2.54864
2.54944
2.55025
2.55105
2.55185
2.55265
2.55346
2.55426
2.55506
2.55586
2.55666
2.55746
2.55826
2.55906
2.55986
2.56067
2.56147
2.56226
2.56306
2.56386
2.56466
2.56546
2.56626
2.56706
2.56786
2.56866
2.56945
2.57025
2.57105
2.57185
2.57264
2.57344
2.57424
2.57503
2.57583
2.57663
2.57742
2.57822
2.57901
2.57981
2.58060
2.58140
2.58219
2.58299
2.58378
2.58458
2.58537
2.58616
2.58696
2.58775
2.58854
2.58934
2.59013
2.59092
2.59171
2.59251
2.59330
2.59409
2.59488
2.59567
2.59646
2.59725
2.59805
2.59884
2.59963
2.60042
2.60121
2.60200
2.60279
2.60357
2.60436
2.60515
2.60594
2.60673
2.60752
2.60831
2.60909
2.60988
2.61067
2.61146
2.61225
2.61303
2.61382
2.61461
2.61539
2.61618
2.61696
2.61775
2.61854
2.61932
2.62011
2.62089
2.62168
2.62246
2.62325
2.62403
2.62481
2.62560
2.62638
2.62717
2.62795
2.62873
2.62952
2.63030
2.63108
2.63186
2.63265
2.63343
2.63421
2.63499
2.63577
2.63655
2.63733
2.63812
2.63890
2.63968
2.64046
2.64124
2.64202
2.64280
2.64358
2.64436
2.64514
2.64591
2.64669
2.64747
2.64825
2.64903
2.64981
2.65058
2.65136
2.65214
2.65292
2.65369
2.65447
2.65525
2.65602
2.65680
2.65758
2.65835
2.65913
2.65990
2.66068
2.66146
2.66223
2.66301
2.66378
2.66455
2.66533
2.66610
2.66688
2.66765
2.66842
2.66920
2.66997
2.67074
2.67152
2.67229
2.67306
2.67383
2.67461
2.67538
2.67615
2.67692
2.67769
2.67846
2.67924
2.68001
2.68078
2.68155
2.68232
2.68309
2.68386
2.68463
2.68540
2.68617
2.68694
2.68771
2.68847
2.68924
2.69001
2.69078
2.69155
2.69232
2.69308
2.69385
2.69462
2.69539
2.69615
2.69692
2.69769
2.69845
2.69922
2.69999
2.70075
2.70152
2.70228
2.70305
2.70381
2.70458
2.70534
2.70611
2.70687
2.70764
2.70840
2.70916
2.70993
2.71069
2.71146
2.71222
2.71298
2.71375
2.71451
2.71527
2.71603
2.71680
2.71756
2.71832
2.71908
2.71984
2.72060
2.72136
2.72213
2.72289
2.72365
2.72441
2.72517
2.72593
2.72669
2.72745
2.72821
2.72897
2.72973
2.73049
2.73124
2.73200
2.73276
2.73352
2.73428
2.73504
2.73579
2.73655
2.73731
2.73807
2.73882
2.73958
2.74034
2.74109
2.74185
2.74261
2.74336
2.74412
2.74487
2.74563
2.74639
2.74714
2.74790
2.74865
2.74941
2.75016
2.75091
2.75167
2.75242
2.75318
2.75393
2.75468
2.75544
2.75619
2.75694
2.75770
2.75845
2.75920
2.75995
2.76071
2.76146
2.76221
2.76296
2.76371
2.76446
2.76521
2.76597
2.76672
2.76747
2.76822
2.76897
2.76972
2.77047
2.77122
2.77197
2.77272
2.77347
2.77422
2.77496
2.77571
2.77646
2.77721
2.77796
2.77871
2.77945
2.78020
2.78095
2.78170
2.78244
2.78319
2.78394
2.78469
2.78543
2.78618
2.78692
2.78767
2.78842
2.78916
2.78991
2.79065
2.79140
2.79214
2.79289
2.79363
2.79438
2.79512
2.79587
2.79661
2.79736
2.79810
2.79884
2.79959
2.80033
2.80107
2.80182
2.80256
2.80330
2.80404
2.80479
2.80553
2.80627
2.80701
2.80775
2.80849
2.80924
2.80998
2.81072
2.81146
2.81220
2.81294
2.81368
2.81442
2.81516
2.81590
2.81664
2.81738
2.81812
2.81886
2.81960
2.82034
2.82108
2.82181
2.82255
2.82329
2.82403
2.82477
2.82550
2.82624
2.82698
2.82772
2.82845
2.82919
2.82993
2.83066
2.83140
2.83214
2.83287
2.83361
2.83434
2.83508
2.83582
2.83655
2.83729
2.83802
2.83876
2.83949
2.84023
2.84096
2.84169
2.84243
2.84316
2.84390
2.84463
2.84536
2.84610
2.84683
2.84756
2.84829
2.84903
2.84976
2.85049
2.85122
2.85196
2.85269
2.85342
2.85415
2.85488
2.85561
2.85635
2.85708
2.85781
2.85854
2.85927
2.86000
2.86073
2.86146
2.86219
2.86292
2.86365
2.86438
2.86511
2.86584
2.86656
2.86729
2.86802
2.86875
2.86948
2.87021
2.87093
2.87166
2.87239
2.87312
2.87384
2.87457
2.87530
2.87603
2.87675
2.87748
2.87821
2.87893
2.87966
2.88038
2.88111
2.88184
2.88256
2.88329
2.88401
2.88474
2.88546
2.88619
2.88691
2.88763
2.88836
2.88908
2.88981
2.89053
2.89125
2.89198
2.89270
2.89342
2.89415
2.89487
2.89559
2.89632
2.89704
2.89776
2.89848
2.89920
2.89993
2.90065
2.90137
2.90209
2.90281
2.90353
2.90425
2.90498
2.90570
2.90642
2.90714
2.90786
2.90858
2.90930
2.91002
2.91074
2.91146
2.91217
2.91289
2.91361
2.91433
2.91505
2.91577
2.91649
2.91721
2.91792
2.91864
2.91936
2.92008
2.92079
2.92151
2.92223
2.92295
2.92366
2.92438
2.92510
2.92581
2.92653
2.92724
2.92796
2.92868
2.92939
2.93011
2.93082
2.93154
2.93225
2.93297
2.93368
2.93440
2.93511
2.93583
2.93654
2.93726
2.93797
2.93868
2.93940
2.94011
2.94082
2.94154
2.94225
2.94296
2.94368
2.94439
2.94510
2.94581
2.94653
2.94724
2.94795
2.94866
2.94937
2.95008
2.95080
2.95151
2.95222
2.95293
2.95364
2.95435
2.95506
2.95577
2.95648
2.95719
2.95790
2.95861
2.95932
2.96003
2.96074
2.96145
2.96216
2.96287
2.96357
2.96428
2.96499
2.96570
2.96641
2.96712
2.96782
2.96853
2.96924
2.96995
2.97065
2.97136
2.97207
2.97277
2.97348
2.97419
2.97489
2.97560
2.97631
2.97701
2.97772
2.97842
2.97913
2.97984
2.98054
2.98125
2.98195
2.98266
2.98336
2.98407
2.98477
2.98547
2.98618
2.98688
2.98759
2.98829
2.98899
2.98970
2.99040
2.99110
2.99181
2.99251
2.99321
2.99391
2.99462
2.99532
2.99602
2.99672
2.99743
2.99813
2.99883
2.99953
3.00023
3.00093
3.00163
3.00234
3.00304
3.00374
3.00444
3.00514
3.00584
3.00654
3.00724
3.00794
3.00864
3.00934
3.01004
3.01074
3.01144
3.01213
3.01283
3.01353
3.01423
3.01493
3.01563
3.01633
3.01702
3.01772
3.01842
3.01912
3.01981
3.02051
3.02121
3.02191
3.02260
3.02330
3.02400
3.02469
3.02539
3.02609
3.02678
3.02748
3.02817
3.02887
3.02956
3.03026
3.03096
3.03165
3.03235
3.03304
3.03374
3.03443
3.03512
3.03582
3.03651
3.03721
3.03790
3.03860
3.03929
3.03998
3.04068
3.04137
3.04206
3.04276
3.04345
3.04414
3.04483
3.04553
3.04622
3.04691
3.04760
3.04829
3.04899
3.04968
3.05037
3.05106
3.05175
3.05244
3.05313
3.05383
3.05452
3.05521
3.05590
3.05659
3.05728
3.05797
3.05866
3.05935
3.06004
3.06073
3.06142
3.06211
3.06279
3.06348
3.06417
3.06486
3.06555
3.06624
3.06693
3.06761
3.06830
3.06899
3.06968
3.07037
3.07105
3.07174
3.07243
3.07312
3.07380
3.07449
3.07518
3.07586
3.07655
3.07724
3.07792
3.07861
3.07929
3.07998
3.08067
3.08135
3.08204
3.08272
3.08341
3.08409
3.08478
3.08546
3.08615
3.08683
3.08752
3.08820
3.08888
3.08957
3.09025
3.09094
3.09162
3.09230
3.09299
3.09367
3.09435
3.09504
3.09572
3.09640
3.09708
3.09777
3.09845
3.09913
3.09981
3.10050
3.10118
3.10186
3.10254
3.10322
3.10390
3.10459
3.10527
3.10595
3.10663
3.10731
3.10799
3.10867
3.10935
3.11003
3.11071
3.11139
3.11207
3.11275
3.11343
3.11411
3.11479
3.11547
3.11615
3.11683
3.11750
3.11818
3.11886
3.11954
3.12022
3.12090
3.12157
3.12225
3.12293
3.12361
3.12428
3.12496
3.12564
3.12632
3.12699
3.12767
3.12835
3.12902
3.12970
3.13038
3.13105
3.13173
3.13241
3.13308
3.13376
3.13443
3.13511
3.13578
3.13646
3.13713
3.13781
3.13848
3.13916
3.13983
3.14051
3.14118
3.14186
3.14253
3.14320
3.14388
3.14455
3.14523
3.14590
3.14657
3.14725
3.14792
3.14859
3.14927
3.14994
3.15061
3.15128
3.15196
3.15263
3.15330
3.15397
3.15464
3.15532
3.15599
3.15666
3.15733
3.15800
3.15867
3.15934
3.16001
3.16069
3.16136
3.16203
3.16270
3.16337
3.16404
3.16471
3.16538
3.16605
3.16672
3.16739
3.16806
3.16873
3.16940
3.17006
3.17073
3.17140
3.17207
3.17274
3.17341
3.17408
3.17474
3.17541
3.17608
3.17675
3.17742
3.17808
3.17875
3.17942
3.18009
3.18075
3.18142
3.18209
3.18275
3.18342
3.18409
3.18475
3.18542
3.18609
3.18675
3.18742
3.18808
3.18875
3.18942
3.19008
3.19075
3.19141
3.19208
3.19274
3.19341
3.19407
3.19474
3.19540
3.19607
3.19673
3.19739
3.19806
3.19872
3.19939
3.20005
3.20071
3.20138
3.20204
3.20270
3.20337
3.20403
3.20469
3.20535
3.20602
3.20668
3.20734
3.20800
3.20867
3.20933
3.20999
3.21065
3.21131
3.21198
3.21264
3.21330
3.21396
3.21462
3.21528
3.21594
3.21660
3.21726
3.21792
3.21858
3.21924
3.21991
3.22057
3.22123
3.22188
3.22254
3.22320
3.22386
3.22452
3.22518
3.22584
3.22650
3.22716
3.22782
3.22848
3.22914
3.22979
3.23045
3.23111
3.23177
3.23243
3.23308
3.23374
3.23440
3.23506
3.23571
3.23637
3.23703
3.23769
3.23834
3.23900
3.23966
3.24031
3.24097
3.24163
3.24228
3.24294
3.24359
3.24425
3.24491
3.24556
3.24622
3.24687
3.24753
3.24818
3.24884
3.24949
3.25015
3.25080
3.25146
3.25211
3.25277
3.25342
3.25407
3.25473
3.25538
3.25604
3.25669
3.25734
3.25800
3.25865
3.25930
3.25996
3.26061
3.26126
3.26191
3.26257
3.26322
3.26387
3.26452
3.26518
3.26583
3.26648
3.26713
3.26778
3.26844
3.26909
3.26974
3.27039
3.27104
3.27169
3.27234
3.27300
3.27365
3.27430
3.27495
3.27560
3.27625
3.27690
3.27755
3.27820
3.27885
3.27950
3.28015
3.28080
3.28145
3.28210
3.28274
3.28339
3.28404
3.28469
3.28534
3.28599
3.28664
3.28729
3.28793
3.28858
3.28923
3.28988
3.29053
3.29117
3.29182
3.29247
3.29312
3.29376
3.29441
3.29506
3.29571
3.29635
3.29700
3.29765
3.29829
3.29894
3.29959
3.30023
3.30088
3.30152
3.30217
3.30282
3.30346
3.30411
3.30475
3.30540
3.30604
3.30669
3.30733
3.30798
3.30862
3.30927
3.30991
3.31056
3.31120
3.31184
3.31249
3.31313
3.31378
3.31442
3.31506
3.31571
3.31635
3.31699
3.31764
3.31828
3.31892
3.31957
3.32021
3.32085
3.32150
3.32214
3.32278
3.32342
3.32406
3.32471
3.32535
3.32599
3.32663
3.32727
3.32792
3.32856
3.32920
3.32984
3.33048
3.33112
3.33176
3.33240
3.33304
3.33368
3.33433
3.33497
3.33561
3.33625
3.33689
3.33753
3.33817
3.33881
3.33944
3.34008
3.34072
3.34136
3.34200
3.34264
3.34328
3.34392
3.34456
3.34520
3.34584
3.34647
3.34711
3.34775
3.34839
3.34903
3.34966
3.35030
3.35094
3.35158
3.35221
3.35285
3.35349
3.35413
3.35476
3.35540
3.35604
3.35667
3.35731
3.35795
3.35858
3.35922
3.35986
3.36049
3.36113
3.36176
3.36240
3.36304
3.36367
3.36431
3.36494
3.36558
3.36621
3.36685
3.36748
3.36812
3.36875
3.36939
3.37002
3.37066
3.37129
3.37192
3.37256
3.37319
3.37383
3.37446
3.37509
3.37573
3.37636
3.37699
3.37763
3.37826
3.37889
3.37953
3.38016
3.38079
3.38143
3.38206
3.38269
3.38332
3.38396
3.38459
3.38522
3.38585
3.38648
3.38712
3.38775
3.38838
3.38901
3.38964
3.39027
3.39090
3.39153
3.39217
3.39280
3.39343
3.39406
3.39469
3.39532
3.39595
3.39658
3.39721
3.39784
3.39847
3.39910
3.39973
3.40036
3.40099
3.40162
3.40225
3.40288
3.40350
3.40413
3.40476
3.40539
3.40602
3.40665
3.40728
3.40791
3.40853
3.40916
3.40979
3.41042
3.41105
3.41167
3.41230
3.41293
3.41356
3.41418
3.41481
3.41544
3.41606
3.41669
3.41732
3.41795
3.41857
3.41920
3.41983
3.42045
3.42108
3.42170
3.42233
3.42296
3.42358
3.42421
3.42483
3.42546
3.42608
3.42671
3.42733
3.42796
3.42859
3.42921
3.42983
3.43046
3.43108
3.43171
3.43233
3.43296
3.43358
3.43421
3.43483
3.43545
3.43608
3.43670
3.43733
3.43795
3.43857
3.43920
3.43982
3.44044
3.44107
3.44169
3.44231
3.44293
3.44356
3.44418
3.44480
3.44542
3.44605
3.44667
3.44729
3.44791
3.44853
3.44916
3.44978
3.45040
3.45102
3.45164
3.45226
3.45288
3.45351
3.45413
3.45475
3.45537
3.45599
3.45661
3.45723
3.45785
3.45847
3.45909
3.45971
3.46033
3.46095
3.46157
3.46219
3.46281
3.46343
3.46405
3.46467
3.46529
3.46591
3.46653
3.46715
3.46776
3.46838
3.46900
3.46962
3.47024
3.47086
3.47148
3.47209
3.47271
3.47333
3.47395
3.47457
3.47518
3.47580
3.47642
3.47704
3.47765
3.47827
3.47889
3.47950
3.48012
3.48074
3.48135
3.48197
3.48259
3.48320
3.48382
3.48444
3.48505
3.48567
3.48629
3.48690
3.48752
3.48813
3.48875
3.48936
3.48998
3.49059
3.49121
3.49182
3.49244
3.49305
3.49367
3.49428
3.49490
3.49551
3.49613
3.49674
3.49736
3.49797
3.49858
3.49920
3.49981
3.50043
3.50104
3.50165
3.50227
3.50288
3.50349
3.50411
3.50472
3.50533
3.50595
3.50656
3.50717
3.50778
3.50840
3.50901
3.50962
3.51023
3.51085
3.51146
3.51207
3.51268
3.51329
3.51391
3.51452
3.51513
3.51574
3.51635
3.51696
3.51757
3.51818
3.51880
3.51941
3.52002
3.52063
3.52124
3.52185
3.52246
3.52307
3.52368
3.52429
3.52490
3.52551
3.52612
3.52673
3.52734
3.52795
3.52856
3.52917
3.52978
3.53039
3.53099
3.53160
3.53221
3.53282
3.53343
3.53404
3.53465
3.53526
3.53586
3.53647
3.53708
3.53769
3.53830
3.53890
3.53951
3.54012
3.54073
3.54134
3.54194
3.54255
3.54316
3.54376
3.54437
3.54498
3.54559
3.54619
3.54680
3.54741
3.54801
3.54862
3.54922
3.54983
3.55044
3.55104
3.55165
3.55226
3.55286
3.55347
3.55407
3.55468
3.55528
3.55589
3.55649
3.55710
3.55770
3.55831
3.55891
3.55952
3.56012
3.56073
3.56133
3.56194
3.56254
3.56315
3.56375
3.56435
3.56496
3.56556
3.56617
3.56677
3.56737
3.56798
3.56858
3.56918
3.56979
3.57039
3.57099
3.57160
3.57220
3.57280
3.57340
3.57401
3.57461
3.57521
3.57581
3.57642
3.57702
3.57762
3.57822
3.57882
3.57943
3.58003
3.58063
3.58123
3.58183
3.58243
3.58303
3.58364
3.58424
3.58484
3.58544
3.58604
3.58664
3.58724
3.58784
3.58844
3.58904
3.58964
3.59024
3.59084
3.59144
3.59204
3.59264
3.59324
3.59384
3.59444
3.59504
3.59564
3.59624
3.59684
3.59744
3.59804
3.59864
3.59924
3.59983
3.60043
3.60103
3.60163
3.60223
3.60283
3.60343
3.60402
3.60462
3.60522
3.60582
3.60642
3.60701
3.60761
3.60821
3.60881
3.60940
3.61000
3.61060
3.61119
3.61179
3.61239
3.61299
3.61358
3.61418
3.61478
3.61537
3.61597
3.61657
3.61716
3.61776
3.61835
3.61895
3.61955
3.62014
3.62074
3.62133
3.62193
3.62252
3.62312
3.62371
3.62431
3.62490
3.62550
3.62609
3.62669
3.62728
3.62788
3.62847
3.62907
3.62966
3.63026
3.63085
3.63145
3.63204
3.63263
3.63323
3.63382
3.63441
3.63501
3.63560
3.63620
3.63679
3.63738
3.63798
3.63857
3.63916
3.63975
3.64035
3.64094
3.64153
3.64213
3.64272
3.64331
3.64390
3.64450
3.64509
3.64568
3.64627
3.64686
3.64746
3.64805
3.64864
3.64923
3.64982
3.65041
3.65101
3.65160
3.65219
3.65278
3.65337
3.65396
3.65455
3.65514
3.65573
3.65632
3.65691
3.65750
3.65809
3.65868
3.65928
3.65987
3.66046
3.66104
3.66163
3.66222
3.66281
3.66340
3.66399
3.66458
3.66517
3.66576
3.66635
3.66694
3.66753
3.66812
3.66871
3.66929
3.66988
3.67047
3.67106
3.67165
3.67224
3.67283
3.67341
3.67400
3.67459
3.67518
3.67577
3.67635
3.67694
3.67753
3.67812
3.67870
3.67929
3.67988
3.68046
3.68105
3.68164
3.68223
3.68281
3.68340
3.68399
3.68457
3.68516
3.68575
3.68633
3.68692
3.68750
3.68809
3.68868
3.68926
3.68985
3.69043
3.69102
3.69160
3.69219
3.69278
3.69336
3.69395
3.69453
3.69512
3.69570
3.69629
3.69687
3.69746
3.69804
3.69863
3.69921
3.69979
3.70038
3.70096
3.70155
3.70213
3.70271
3.70330
3.70388
3.70447
3.70505
3.70563
3.70622
3.70680
3.70738
3.70797
3.70855
3.70913
3.70972
3.71030
3.71088
3.71147
3.71205
3.71263
3.71321
3.71380
3.71438
3.71496
3.71554
3.71612
3.71671
3.71729
3.71787
3.71845
3.71903
3.71962
3.72020
3.72078
3.72136
3.72194
3.72252
3.72310
3.72368
3.72427
3.72485
3.72543
3.72601
3.72659
3.72717
3.72775
3.72833
3.72891
3.72949
3.73007
3.73065
3.73123
3.73181
3.73239
3.73297
3.73355
3.73413
3.73471
3.73529
3.73587
3.73645
3.73703
3.73761
3.73819
3.73876
3.73934
3.73992
3.74050
3.74108
3.74166
3.74224
3.74282
3.74339
3.74397
3.74455
3.74513
3.74571
3.74628
3.74686
3.74744
3.74802
3.74860
3.74917
3.74975
3.75033
3.75090
3.75148
3.75206
3.75264
3.75321
3.75379
3.75437
3.75494
3.75552
3.75610
3.75667
3.75725
3.75783
3.75840
3.75898
3.75956
3.76013
3.76071
3.76128
3.76186
3.76243
3.76301
3.76359
3.76416
3.76474
3.76531
3.76589
3.76646
3.76704
3.76761
3.76819
3.76876
3.76934
3.76991
3.77049
3.77106
3.77164
3.77221
3.77278
3.77336
3.77393
3.77451
3.77508
3.77565
3.77623
3.77680
3.77738
3.77795
3.77852
3.77910
3.77967
3.78024
3.78082
3.78139
3.78196
3.78254
3.78311
3.78368
3.78425
3.78483
3.78540
3.78597
3.78654
3.78712
3.78769
3.78826
3.78883
3.78941
3.78998
3.79055
3.79112
3.79169
3.79227
3.79284
3.79341
3.79398
3.79455
3.79512
3.79569
3.79626
3.79684
3.79741
3.79798
3.79855
3.79912
3.79969
3.80026
3.80083
3.80140
3.80197
3.80254
3.80311
3.80368
3.80425
3.80482
3.80539
3.80596
3.80653
3.80710
3.80767
3.80824
3.80881
3.80938
3.80995
3.81052
3.81109
3.81166
3.81223
3.81279
3.81336
3.81393
3.81450
3.81507
3.81564
3.81621
3.81678
3.81734
3.81791
3.81848
3.81905
3.81962
3.82018
3.82075
3.82132
3.82189
3.82246
3.82302
3.82359
3.82416
3.82472
3.82529
3.82586
3.82643
3.82699
3.82756
3.82813
3.82869
3.82926
3.82983
3.83039
3.83096
3.83153
3.83209
3.83266
3.83323
3.83379
3.83436
3.83492
3.83549
3.83606
3.83662
3.83719
3.83775
3.83832
3.83888
3.83945
3.84001
3.84058
3.84115
3.84171
3.84228
3.84284
3.84341
3.84397
3.84453
3.84510
3.84566
3.84623
3.84679
3.84736
3.84792
3.84849
3.84905
3.84961
3.85018
3.85074
3.85131
3.85187
3.85243
3.85300
3.85356
3.85412
3.85469
3.85525
3.85581
3.85638
3.85694
3.85750
3.85807
3.85863
3.85919
3.85975
3.86032
3.86088
3.86144
3.86200
3.86257
3.86313
3.86369
3.86425
3.86482
3.86538
3.86594
3.86650
3.86706
3.86762
3.86819
3.86875
3.86931
3.86987
3.87043
3.87099
3.87155
3.87212
3.87268
3.87324
3.87380
3.87436
3.87492
3.87548
3.87604
3.87660
3.87716
3.87772
3.87828
3.87884
3.87940
3.87996
3.88052
3.88108
3.88164
3.88220
3.88276
3.88332
3.88388
3.88444
3.88500
3.88556
3.88612
3.88668
3.88724
3.88780
3.88836
3.88892
3.88947
3.89003
3.89059
3.89115
3.89171
3.89227
3.89283
3.89338
3.89394
3.89450
3.89506
3.89562
3.89618
3.89673
3.89729
3.89785
3.89841
3.89896
3.89952
3.90008
3.90064
3.90119
3.90175
3.90231
3.90287
3.90342
3.90398
3.90454
3.90509
3.90565
3.90621
3.90676
3.90732
3.90788
3.90843
3.90899
3.90955
3.91010
3.91066
3.91121
3.91177
3.91233
3.91288
3.91344
3.91399
3.91455
3.91510
3.91566
3.91622
3.91677
3.91733
3.91788
3.91844
3.91899
3.91955
3.92010
3.92066
3.92121
3.92177
3.92232
3.92288
3.92343
3.92398
3.92454
3.92509
3.92565
3.92620
3.92676
3.92731
3.92786
3.92842
3.92897
3.92953
3.93008
3.93063
3.93119
3.93174
3.93229
3.93285
3.93340
3.93395
3.93451
3.93506
3.93561
3.93616
3.93672
3.93727
3.93782
3.93838
3.93893
3.93948
3.94003
3.94059
3.94114
3.94169
3.94224
3.94279
3.94335
3.94390
3.94445
3.94500
3.94555
3.94610
3.94666
3.94721
3.94776
3.94831
3.94886
3.94941
3.94996
3.95052
3.95107
3.95162
3.95217
3.95272
3.95327
3.95382
3.95437
3.95492
3.95547
3.95602
3.95657
3.95712
3.95767
3.95822
3.95877
3.95932
3.95987
3.96042
3.96097
3.96152
3.96207
3.96262
3.96317
3.96372
3.96427
3.96482
3.96537
3.96592
3.96647
3.96702
3.96757
3.96811
3.96866
3.96921
3.96976
3.97031
3.97086
3.97141
3.97195
3.97250
3.97305
3.97360
3.97415
3.97470
3.97524
3.97579
3.97634
3.97689
3.97744
3.97798
3.97853
3.97908
3.97963
3.98017
3.98072
3.98127
3.98181
3.98236
3.98291
3.98346
3.98400
3.98455
3.98510
3.98564
3.98619
3.98674
3.98728
3.98783
3.98838
3.98892
3.98947
3.99001
3.99056
3.99111
3.99165
3.99220
3.99274
3.99329
3.99384
3.99438
3.99493
3.99547
3.99602
3.99656
3.99711
3.99765
3.99820
3.99874
3.99929
3.99983
4.00038
4.00092
4.00147
4.00201
4.00256
4.00310
4.00365
4.00419
4.00474
4.00528
4.00582
4.00637
4.00691
4.00746
4.00800
4.00854
4.00909
4.00963
4.01018
4.01072
4.01126
4.01181
4.01235
4.01289
4.01344
4.01398
4.01452
4.01507
4.01561
4.01615
4.01669
4.01724
4.01778
4.01832
4.01887
4.01941
4.01995
4.02049
4.02104
4.02158
4.02212
4.02266
4.02320
4.02375
4.02429
4.02483
4.02537
4.02591
4.02646
4.02700
4.02754
4.02808
4.02862
4.02916
4.02970
4.03025
4.03079
4.03133
4.03187
4.03241
4.03295
4.03349
4.03403
4.03457
4.03511
4.03565
4.03620
4.03674
4.03728
4.03782
4.03836
4.03890
4.03944
4.03998
4.04052
4.04106
4.04160
4.04214
4.04268
4.04322
4.04376
4.04430
4.04483
4.04537
4.04591
4.04645
4.04699
4.04753
4.04807
4.04861
4.04915
4.04969
4.05023
4.05076
4.05130
4.05184
4.05238
4.05292
4.05346
4.05400
4.05453
4.05507
4.05561
4.05615
4.05669
4.05723
4.05776
4.05830
4.05884
4.05938
4.05991
4.06045
4.06099
4.06153
4.06206
4.06260
4.06314
4.06368
4.06421
4.06475
4.06529
4.06582
4.06636
4.06690
4.06743
4.06797
4.06851
4.06904
4.06958
4.07012
4.07065
4.07119
4.07173
4.07226
4.07280
4.07333
4.07387
4.07441
4.07494
4.07548
4.07601
4.07655
4.07709
4.07762
4.07816
4.07869
4.07923
4.07976
4.08030
4.08083
4.08137
4.08190
4.08244
4.08297
4.08351
4.08404
4.08458
4.08511
4.08565
4.08618
4.08672
4.08725
4.08778
4.08832
4.08885
4.08939
4.08992
4.09046
4.09099
4.09152
4.09206
4.09259
4.09312
4.09366
4.09419
4.09473
4.09526
4.09579
4.09633
4.09686
4.09739
4.09793
4.09846
4.09899
4.09952
4.10006
4.10059
4.10112
4.10166
4.10219
4.10272
4.10325
4.10379
4.10432
4.10485
4.10538
4.10592
4.10645
4.10698
4.10751
4.10804
4.10858
4.10911
4.10964
4.11017
4.11070
4.11123
4.11177
4.11230
4.11283
4.11336
4.11389
4.11442
4.11495
4.11548
4.11602
4.11655
4.11708
4.11761
4.11814
4.11867
4.11920
4.11973
4.12026
4.12079
4.12132
4.12185
4.12238
4.12291
4.12344
4.12397
4.12450
4.12503
4.12556
4.12609
4.12662
4.12715
4.12768
4.12821
4.12874
4.12927
4.12980
4.13033
4.13086
4.13139
4.13192
4.13245
4.13298
4.13350
4.13403
4.13456
4.13509
4.13562
4.13615
4.13668
4.13721
4.13773
4.13826
4.13879
4.13932
4.13985
4.14038
4.14090
4.14143
4.14196
4.14249
4.14302
4.14354
4.14407
4.14460
4.14513
4.14565
4.14618
4.14671
4.14724
4.14776
4.14829
4.14882
4.14935
4.14987
4.15040
4.15093
4.15145
4.15198
4.15251
4.15303
4.15356
4.15409
4.15461
4.15514
4.15567
4.15619
4.15672
4.15725
4.15777
4.15830
4.15882
4.15935
4.15988
4.16040
4.16093
4.16145
4.16198
4.16251
4.16303
4.16356
4.16408
4.16461
4.16513
4.16566
4.16618
4.16671
4.16723
4.16776
4.16828
4.16881
4.16933
4.16986
4.17038
4.17091
4.17143
4.17196
4.17248
4.17301
4.17353
4.17405
4.17458
4.17510
4.17563
4.17615
4.17667
4.17720
4.17772
4.17825
4.17877
4.17929
4.17982
4.18034
4.18086
4.18139
4.18191
4.18244
4.18296
4.18348
4.18401
4.18453
4.18505
4.18557
4.18610
4.18662
4.18714
4.18767
4.18819
4.18871
4.18923
4.18976
4.19028
4.19080
4.19132
4.19185
4.19237
4.19289
4.19341
4.19393
4.19446
4.19498
4.19550
4.19602
4.19654
4.19707
4.19759
4.19811
4.19863
4.19915
4.19967
4.20019
4.20072
4.20124
4.20176
4.20228
4.20280
4.20332
4.20384
4.20436
4.20488
4.20540
4.20593
4.20645
4.20697
4.20749
4.20801
4.20853
4.20905
4.20957
4.21009
4.21061
4.21113
4.21165
4.21217
4.21269
4.21321
4.21373
4.21425
4.21477
4.21529
4.21581
4.21633
4.21685
4.21737
4.21789
4.21840
4.21892
4.21944
4.21996
4.22048
4.22100
4.22152
4.22204
4.22256
4.22308
4.22359
4.22411
4.22463
4.22515
4.22567
4.22619
4.22671
4.22722
4.22774
4.22826
4.22878
4.22930
4.22981
4.23033
4.23085
4.23137
4.23189
4.23240
4.23292
4.23344
4.23396
4.23447
4.23499
4.23551
4.23603
4.23654
4.23706
4.23758
4.23810
4.23861
4.23913
4.23965
4.24016
4.24068
4.24120
4.24171
4.24223
4.24275
4.24326
4.24378
4.24430
4.24481
4.24533
4.24585
4.24636
4.24688
4.24739
4.24791
4.24843
4.24894
4.24946
4.24997
4.25049
4.25100
4.25152
4.25204
4.25255
4.25307
4.25358
4.25410
4.25461
4.25513
4.25564
4.25616
4.25667
4.25719
4.25770
4.25822
4.25873
4.25925
4.25976
4.26028
4.26079
4.26131
4.26182
4.26233
4.26285
4.26336
4.26388
4.26439
4.26491
4.26542
4.26593
4.26645
4.26696
4.26748
4.26799
4.26850
4.26902
4.26953
4.27004
4.27056
4.27107
4.27158
4.27210
4.27261
4.27312
4.27364
4.27415
4.27466
4.27518
4.27569
4.27620
4.27672
4.27723
4.27774
4.27825
4.27877
4.27928
4.27979
4.28030
4.28082
4.28133
4.28184
4.28235
4.28287
4.28338
4.28389
4.28440
4.28491
4.28543
4.28594
4.28645
4.28696
4.28747
4.28798
4.28850
4.28901
4.28952
4.29003
4.29054
4.29105
4.29156
4.29208
4.29259
4.29310
4.29361
4.29412
4.29463
4.29514
4.29565
4.29616
4.29667
4.29718
4.29769
4.29821
4.29872
4.29923
4.29974
4.30025
4.30076
4.30127
4.30178
4.30229
4.30280
4.30331
4.30382
4.30433
4.30484
4.30535
4.30586
4.30637
4.30688
4.30738
4.30789
4.30840
4.30891
4.30942
4.30993
4.31044
4.31095
4.31146
4.31197
4.31248
4.31299
4.31349
4.31400
4.31451
4.31502
4.31553
4.31604
4.31655
4.31705
4.31756
4.31807
4.31858
4.31909
4.31960
4.32010
4.32061
4.32112
4.32163
4.32214
4.32264
4.32315
4.32366
4.32417
4.32468
4.32518
4.32569
4.32620
4.32671
4.32721
4.32772
4.32823
4.32873
4.32924
4.32975
4.33026
4.33076
4.33127
4.33178
4.33228
4.33279
4.33330
4.33380
4.33431
4.33482
4.33532
4.33583
4.33634
4.33684
4.33735
4.33786
4.33836
4.33887
4.33937
4.33988
4.34039
4.34089
4.34140
4.34190
4.34241
4.34291
4.34342
4.34393
4.34443
4.34494
4.34544
4.34595
4.34645
4.34696
4.34746
4.34797
4.34847
4.34898
4.34948
4.34999
4.35049
4.35100
4.35150
4.35201
4.35251
4.35302
4.35352
4.35403
4.35453
4.35504
4.35554
4.35604
4.35655
4.35705
4.35756
4.35806
4.35856
4.35907
4.35957
4.36008
4.36058
4.36108
4.36159
4.36209
4.36260
4.36310
4.36360
4.36411
4.36461
4.36511
4.36562
4.36612
4.36662
4.36713
4.36763
4.36813
4.36863
4.36914
4.36964
4.37014
4.37065
4.37115
4.37165
4.37215
4.37266
4.37316
4.37366
4.37416
4.37467
4.37517
4.37567
4.37617
4.37667
4.37718
4.37768
4.37818
4.37868
4.37918
4.37969
4.38019
4.38069
4.38119
4.38169
4.38219
4.38270
4.38320
4.38370
4.38420
4.38470
4.38520
4.38570
4.38621
4.38671
4.38721
4.38771
4.38821
4.38871
4.38921
4.38971
4.39021
4.39071
4.39121
4.39171
4.39221
4.39272
4.39322
4.39372
4.39422
4.39472
4.39522
4.39572
4.39622
4.39672
4.39722
4.39772
4.39822
4.39872
4.39922
4.39972
4.40022
4.40072
4.40121
4.40171
4.40221
4.40271
4.40321
4.40371
4.40421
4.40471
4.40521
4.40571
4.40621
4.40671
4.40721
4.40770
4.40820
4.40870
4.40920
4.40970
4.41020
4.41070
4.41120
4.41169
4.41219
4.41269
4.41319
4.41369
4.41419
4.41468
4.41518
4.41568
4.41618
4.41668
4.41717
4.41767
4.41817
4.41867
4.41916
4.41966
4.42016
4.42066
4.42115
4.42165
4.42215
4.42265
4.42314
4.42364
4.42414
4.42464
4.42513
4.42563
4.42613
4.42662
4.42712
4.42762
4.42811
4.42861
4.42911
4.42960
4.43010
4.43060
4.43109
4.43159
4.43209
4.43258
4.43308
4.43358
4.43407
4.43457
4.43506
4.43556
4.43606
4.43655
4.43705
4.43754
4.43804
4.43853
4.43903
4.43953
4.44002
4.44052
4.44101
4.44151
4.44200
4.44250
4.44299
4.44349
4.44398
4.44448
4.44497
4.44547
4.44596
4.44646
4.44695
4.44745
4.44794
4.44844
4.44893
4.44943
4.44992
4.45042
4.45091
4.45141
4.45190
4.45239
4.45289
4.45338
4.45388
4.45437
4.45487
4.45536
4.45585
4.45635
4.45684
4.45733
4.45783
4.45832
4.45882
4.45931
4.45980
4.46030
4.46079
4.46128
4.46178
4.46227
4.46276
4.46326
4.46375
4.46424
4.46474
4.46523
4.46572
4.46621
4.46671
4.46720
4.46769
4.46819
4.46868
4.46917
4.46966
4.47016
4.47065
4.47114
4.47163
4.47212
4.47262
4.47311
4.47360
4.47409
4.47459
4.47508
4.47557
4.47606
4.47655
4.47705
4.47754
4.47803
4.47852
4.47901
4.47950
4.47999
4.48049
4.48098
4.48147
4.48196
4.48245
4.48294
4.48343
4.48392
4.48442
4.48491
4.48540
4.48589
4.48638
4.48687
4.48736
4.48785
4.48834
4.48883
4.48932
4.48981
4.49030
4.49080
4.49129
4.49178
4.49227
4.49276
4.49325
4.49374
4.49423
4.49472
4.49521
4.49570
4.49619
4.49668
4.49717
4.49766
4.49815
4.49863
4.49912
4.49961
4.50010
4.50059
4.50108
4.50157
4.50206
4.50255
4.50304
4.50353
4.50402
4.50451
4.50500
4.50548
4.50597
4.50646
4.50695
4.50744
4.50793
4.50842
4.50891
4.50939
4.50988
4.51037
4.51086
4.51135
4.51184
4.51232
4.51281
4.51330
4.51379
4.51428
4.51477
4.51525
4.51574
4.51623
4.51672
4.51720
4.51769
4.51818
4.51867
4.51916
4.51964
4.52013
4.52062
4.52110
4.52159
4.52208
4.52257
4.52305
4.52354
4.52403
4.52452
4.52500
4.52549
4.52598
4.52646
4.52695
4.52744
4.52792
4.52841
4.52890
4.52938
4.52987
4.53036
4.53084
4.53133
4.53182
4.53230
4.53279
4.53327
4.53376
4.53425
4.53473
4.53522
4.53570
4.53619
4.53668
4.53716
4.53765
4.53813
4.53862
4.53910
4.53959
4.54008
4.54056
4.54105
4.54153
4.54202
4.54250
4.54299
4.54347
4.54396
4.54444
4.54493
4.54541
4.54590
4.54638
4.54687
4.54735
4.54784
4.54832
4.54881
4.54929
4.54978
4.55026
4.55074
4.55123
4.55171
4.55220
4.55268
4.55317
4.55365
4.55413
4.55462
4.55510
4.55559
4.55607
4.55655
4.55704
4.55752
4.55801
4.55849
4.55897
4.55946
4.55994
4.56042
4.56091
4.56139
4.56187
4.56236
4.56284
4.56332
4.56381
4.56429
4.56477
4.56526
4.56574
4.56622
4.56671
4.56719
4.56767
4.56815
4.56864
4.56912
4.56960
4.57008
4.57057
4.57105
4.57153
4.57201
4.57250
4.57298
4.57346
4.57394
4.57443
4.57491
4.57539
4.57587
4.57635
4.57684
4.57732
4.57780
4.57828
4.57876
4.57924
4.57973
4.58021
4.58069
4.58117
4.58165
4.58213
4.58261
4.58310
4.58358
4.58406
4.58454
4.58502
4.58550
4.58598
4.58646
4.58694
4.58743
4.58791
4.58839
4.58887
4.58935
4.58983
4.59031
4.59079
4.59127
4.59175
4.59223
4.59271
4.59319
4.59367
4.59415
4.59463
4.59511
4.59559
4.59607
4.59655
4.59703
4.59751
4.59799
4.59847
4.59895
4.59943
4.59991
4.60039
4.60087
4.60135
4.60183
4.60231
4.60279
4.60327
4.60375
4.60423
4.60471
4.60519
4.60567
4.60614
4.60662
4.60710
4.60758
4.60806
4.60854
4.60902
4.60950
4.60998
4.61045
4.61093
4.61141
4.61189
4.61237
4.61285
4.61332
4.61380
4.61428
4.61476
4.61524
4.61572
4.61619
4.61667
4.61715
4.61763
4.61811
4.61858
4.61906
4.61954
4.62002
4.62050
4.62097
4.62145
4.62193
4.62241
4.62288
4.62336
4.62384
4.62432
4.62479
4.62527
4.62575
4.62622
4.62670
4.62718
4.62766
4.62813
4.62861
4.62909
4.62956
4.63004
4.63052
4.63099
4.63147
4.63195
4.63242
4.63290
4.63338
4.63385
4.63433
4.63481
4.63528
4.63576
4.63623
4.63671
4.63719
4.63766
4.63814
4.63861
4.63909
4.63957
4.64004
4.64052
4.64099
4.64147
4.64195
4.64242
4.64290
4.64337
4.64385
4.64432
4.64480
4.64527
4.64575
4.64622
4.64670
4.64718
4.64765
4.64813
4.64860
4.64908
4.64955
4.65003
4.65050
4.65097
4.65145
4.65192
4.65240
4.65287
4.65335
4.65382
4.65430
4.65477
4.65525
4.65572
4.65619
4.65667
4.65714
4.65762
4.65809
4.65857
4.65904
4.65951
4.65999
4.66046
4.66094
4.66141
4.66188
4.66236
4.66283
4.66330
4.66378
4.66425
4.66473
4.66520
4.66567
4.66615
4.66662
4.66709
4.66757
4.66804
4.66851
4.66899
4.66946
4.66993
4.67040
4.67088
4.67135
4.67182
4.67230
4.67277
4.67324
4.67371
4.67419
4.67466
4.67513
4.67560
4.67608
4.67655
4.67702
4.67749
4.67797
4.67844
4.67891
4.67938
4.67985
4.68033
4.68080
4.68127
4.68174
4.68221
4.68269
4.68316
4.68363
4.68410
4.68457
4.68505
4.68552
4.68599
4.68646
4.68693
4.68740
4.68787
4.68835
4.68882
4.68929
4.68976
4.69023
4.69070
4.69117
4.69164
4.69211
4.69259
4.69306
4.69353
4.69400
4.69447
4.69494
4.69541
4.69588
4.69635
4.69682
4.69729
4.69776
4.69823
4.69870
4.69917
4.69964
4.70011
4.70058
4.70105
4.70152
4.70199
4.70246
4.70293
4.70340
4.70387
4.70434
4.70481
4.70528
4.70575
4.70622
4.70669
4.70716
4.70763
4.70810
4.70857
4.70904
4.70951
4.70998
4.71045
4.71092
4.71139
4.71186
4.71233
4.71279
4.71326
4.71373
4.71420
4.71467
4.71514
4.71561
4.71608
4.71655
4.71701
4.71748
4.71795
4.71842
4.71889
4.71936
4.71982
4.72029
4.72076
4.72123
4.72170
4.72217
4.72263
4.72310
4.72357
4.72404
4.72451
4.72497
4.72544
4.72591
4.72638
4.72685
4.72731
4.72778
4.72825
4.72872
4.72918
4.72965
4.73012
4.73059
4.73105
4.73152
4.73199
4.73246
4.73292
4.73339
4.73386
4.73432
4.73479
4.73526
4.73573
4.73619
4.73666
4.73713
4.73759
4.73806
4.73853
4.73899
4.73946
4.73993
4.74039
4.74086
4.74133
4.74179
4.74226
4.74272
4.74319
4.74366
4.74412
4.74459
4.74506
4.74552
4.74599
4.74645
4.74692
4.74739
4.74785
4.74832
4.74878
4.74925
4.74971
4.75018
4.75065
4.75111
4.75158
4.75204
4.75251
4.75297
4.75344
4.75390
4.75437
4.75483
4.75530
4.75576
4.75623
4.75669
4.75716
4.75762
4.75809
4.75855
4.75902
4.75948
4.75995
4.76041
4.76088
4.76134
4.76181
4.76227
4.76274
4.76320
4.76367
4.76413
4.76459
4.76506
4.76552
4.76599
4.76645
4.76691
4.76738
4.76784
4.76831
4.76877
4.76923
4.76970
4.77016
4.77063
4.77109
4.77155
4.77202
4.77248
4.77294
4.77341
4.77387
4.77434
4.77480
4.77526
4.77573
4.77619
4.77665
4.77712
4.77758
4.77804
4.77850
4.77897
4.77943
4.77989
4.78036
4.78082
4.78128
4.78174
4.78221
4.78267
4.78313
4.78360
4.78406
4.78452
4.78498
4.78545
4.78591
4.78637
4.78683
4.78730
4.78776
4.78822
4.78868
4.78914
4.78961
4.79007
4.79053
4.79099
4.79145
4.79192
4.79238
4.79284
4.79330
4.79376
4.79422
4.79469
4.79515
4.79561
4.79607
4.79653
4.79699
4.79746
4.79792
4.79838
4.79884
4.79930
4.79976
4.80022
4.80068
4.80114
4.80161
4.80207
4.80253
4.80299
4.80345
4.80391
4.80437
4.80483
4.80529
4.80575
4.80621
4.80667
4.80713
4.80760
4.80806
4.80852
4.80898
4.80944
4.80990
4.81036
4.81082
4.81128
4.81174
4.81220
4.81266
4.81312
4.81358
4.81404
4.81450
4.81496
4.81542
4.81588
4.81634
4.81680
4.81726
4.81772
4.81818
4.81863
4.81909
4.81955
4.82001
4.82047
4.82093
4.82139
4.82185
4.82231
4.82277
4.82323
4.82369
4.82415
4.82460
4.82506
4.82552
4.82598
4.82644
4.82690
4.82736
4.82782
4.82827
4.82873
4.82919
4.82965
4.83011
4.83057
4.83103
4.83148
4.83194
4.83240
4.83286
4.83332
4.83378
4.83423
4.83469
4.83515
4.83561
4.83607
4.83652
4.83698
4.83744
4.83790
4.83835
4.83881
4.83927
4.83973
4.84019
4.84064
4.84110
4.84156
4.84202
4.84247
4.84293
4.84339
4.84384
4.84430
4.84476
4.84522
4.84567
4.84613
4.84659
4.84704
4.84750
4.84796
4.84842
4.84887
4.84933
4.84979
4.85024
4.85070
4.85116
4.85161
4.85207
4.85253
4.85298
4.85344
4.85390
4.85435
4.85481
4.85526
4.85572
4.85618
4.85663
4.85709
4.85754
4.85800
4.85846
4.85891
4.85937
4.85982
4.86028
4.86074
4.86119
4.86165
4.86210
4.86256
4.86301
4.86347
4.86393
4.86438
4.86484
4.86529
4.86575
4.86620
4.86666
4.86711
4.86757
4.86802
4.86848
4.86893
4.86939
4.86984
4.87030
4.87075
4.87121
4.87166
4.87212
4.87257
4.87303
4.87348
4.87394
4.87439
4.87485
4.87530
4.87576
4.87621
4.87666
4.87712
4.87757
4.87803
4.87848
4.87894
4.87939
4.87984
4.88030
4.88075
4.88121
4.88166
4.88211
4.88257
4.88302
4.88348
4.88393
4.88438
4.88484
4.88529
4.88574
4.88620
4.88665
4.88711
4.88756
4.88801
4.88847
4.88892
4.88937
4.88983
4.89028
4.89073
4.89119
4.89164
4.89209
4.89254
4.89300
4.89345
4.89390
4.89436
4.89481
4.89526
4.89571
4.89617
4.89662
4.89707
4.89753
4.89798
4.89843
4.89888
4.89934
4.89979
4.90024
4.90069
4.90115
4.90160
4.90205
4.90250
4.90295
4.90341
4.90386
4.90431
4.90476
4.90521
4.90567
4.90612
4.90657
4.90702
4.90747
4.90793
4.90838
4.90883
4.90928
4.90973
4.91018
4.91063
4.91109
4.91154
4.91199
4.91244
4.91289
4.91334
4.91379
4.91425
4.91470
4.91515
4.91560
4.91605
4.91650
4.91695
4.91740
4.91785
4.91830
4.91876
4.91921
4.91966
4.92011
4.92056
4.92101
4.92146
4.92191
4.92236
4.92281
4.92326
4.92371
4.92416
4.92461
4.92506
4.92551
4.92596
4.92641
4.92686
4.92731
4.92776
4.92821
4.92866
4.92911
4.92956
4.93001
4.93046
4.93091
4.93136
4.93181
4.93226
4.93271
4.93316
4.93361
4.93406
4.93451
4.93496
4.93541
4.93586
4.93631
4.93676
4.93721
4.93765
4.93810
4.93855
4.93900
4.93945
4.93990
4.94035
4.94080
4.94125
4.94170
4.94214
4.94259
4.94304
4.94349
4.94394
4.94439
4.94484
4.94528
4.94573
4.94618
4.94663
4.94708
4.94753
4.94798
4.94842
4.94887
4.94932
4.94977
4.95022
4.95066
4.95111
4.95156
4.95201
4.95246
4.95290
4.95335
4.95380
4.95425
4.95470
4.95514
4.95559
4.95604
4.95649
4.95693
4.95738
4.95783
4.95828
4.95872
4.95917
4.95962
4.96007
4.96051
4.96096
4.96141
4.96185
4.96230
4.96275
4.96320
4.96364
4.96409
4.96454
4.96498
4.96543
4.96588
4.96632
4.96677
4.96722
4.96766
4.96811
4.96856
4.96900
4.96945
4.96990
4.97034
4.97079
4.97124
4.97168
4.97213
4.97258
4.97302
4.97347
4.97391
4.97436
4.97481
4.97525
4.97570
4.97614
4.97659
4.97704
4.97748
4.97793
4.97837
4.97882
4.97926
4.97971
4.98016
4.98060
4.98105
4.98149
4.98194
4.98238
4.98283
4.98327
4.98372
4.98416
4.98461
4.98506
4.98550
4.98595
4.98639
4.98684
4.98728
4.98773
4.98817
4.98862
4.98906
4.98951
4.98995
4.99039
4.99084
4.99128
4.99173
4.99217
4.99262
4.99306
4.99351
4.99395
4.99440
4.99484
4.99529
4.99573
4.99617
4.99662
4.99706
4.99751
4.99795
4.99839
4.99884
4.99928
4.99973
5.00017
5.00061
5.00106
5.00150
5.00195
5.00239
5.00283
5.00328
5.00372
5.00416
5.00461
5.00505
5.00550
5.00594
5.00638
5.00683
5.00727
5.00771
5.00816
5.00860
5.00904
5.00949
5.00993
5.01037
5.01081
5.01126
5.01170
5.01214
5.01259
5.01303
5.01347
5.01392
5.01436
5.01480
5.01524
5.01569
5.01613
5.01657
5.01701
5.01746
5.01790
5.01834
5.01878
5.01923
5.01967
5.02011
5.02055
5.02100
5.02144
5.02188
5.02232
5.02276
5.02321
5.02365
5.02409
5.02453
5.02497
5.02542
5.02586
5.02630
5.02674
5.02718
5.02762
5.02807
5.02851
5.02895
5.02939
5.02983
5.03027
5.03072
5.03116
5.03160
5.03204
5.03248
5.03292
5.03336
5.03380
5.03425
5.03469
5.03513
5.03557
5.03601
5.03645
5.03689
5.03733
5.03777
5.03821
5.03866
5.03910
5.03954
5.03998
5.04042
5.04086
5.04130
5.04174
5.04218
5.04262
5.04306
5.04350
5.04394
5.04438
5.04482
5.04526
5.04570
5.04614
5.04658
5.04702
5.04746
5.04790
5.04834
5.04878
5.04922
5.04966
5.05010
5.05054
5.05098
5.05142
5.05186
5.05230
5.05274
5.05318
5.05362
5.05406
5.05450
5.05494
5.05538
5.05582
5.05626
5.05670
5.05714
5.05758
5.05802
5.05845
5.05889
5.05933
5.05977
5.06021
5.06065
5.06109
5.06153
5.06197
5.06241
5.06284
5.06328
5.06372
5.06416
5.06460
5.06504
5.06548
5.06591
5.06635
5.06679
5.06723
5.06767
5.06811
5.06855
5.06898
5.06942
5.06986
5.07030
5.07074
5.07118
5.07161
5.07205
5.07249
5.07293
5.07337
5.07380
5.07424
5.07468
5.07512
5.07555
5.07599
5.07643
5.07687
5.07731
5.07774
5.07818
5.07862
5.07906
5.07949
5.07993
5.08037
5.08081
5.08124
5.08168
5.08212
5.08255
5.08299
5.08343
5.08387
5.08430
5.08474
5.08518
5.08561
5.08605
5.08649
5.08693
5.08736
5.08780
5.08824
5.08867
5.08911
5.08955
5.08998
5.09042
5.09086
5.09129
5.09173
5.09217
5.09260
5.09304
5.09347
5.09391
5.09435
5.09478
5.09522
5.09566
5.09609
5.09653
5.09696
5.09740
5.09784
5.09827
5.09871
5.09914
5.09958
5.10002
5.10045
5.10089
5.10132
5.10176
5.10219
5.10263
5.10307
5.10350
5.10394
5.10437
5.10481
5.10524
5.10568
5.10611
5.10655
5.10698
5.10742
5.10785
5.10829
5.10873
5.10916
5.10960
5.11003
5.11047
5.11090
5.11134
5.11177
5.11221
5.11264
5.11307
5.11351
5.11394
5.11438
5.11481
5.11525
5.11568
5.11612
5.11655
5.11699
5.11742
5.11786
5.11829
5.11872
5.11916
5.11959
5.12003
5.12046
5.12090
5.12133
5.12176
5.12220
5.12263
5.12307
5.12350
5.12393
5.12437
5.12480
5.12524
5.12567
5.12610
5.12654
5.12697
5.12740
5.12784
5.12827
5.12870
5.12914
5.12957
5.13001
5.13044
5.13087
5.13131
5.13174
5.13217
5.13261
5.13304
5.13347
5.13390
5.13434
5.13477
5.13520
5.13564
5.13607
5.13650
5.13694
5.13737
5.13780
5.13823
5.13867
5.13910
5.13953
5.13997
5.14040
5.14083
5.14126
5.14170
5.14213
5.14256
5.14299
5.14343
5.14386
5.14429
5.14472
5.14515
5.14559
5.14602
5.14645
5.14688
5.14732
5.14775
5.14818
5.14861
5.14904
5.14948
5.14991
5.15034
5.15077
5.15120
5.15163
5.15207
5.15250
5.15293
5.15336
5.15379
5.15422
5.15466
5.15509
5.15552
5.15595
5.15638
5.15681
5.15724
5.15768
5.15811
5.15854
5.15897
5.15940
5.15983
5.16026
5.16069
5.16112
5.16156
5.16199
5.16242
5.16285
5.16328
5.16371
5.16414
5.16457
5.16500
5.16543
5.16586
5.16629
5.16672
5.16716
5.16759
5.16802
5.16845
5.16888
5.16931
5.16974
5.17017
5.17060
5.17103
5.17146
5.17189
5.17232
5.17275
5.17318
5.17361
5.17404
5.17447
5.17490
5.17533
5.17576
5.17619
5.17662
5.17705
5.17748
5.17791
5.17834
5.17877
5.17920
5.17963
5.18006
5.18049
5.18091
5.18134
5.18177
5.18220
5.18263
5.18306
5.18349
5.18392
5.18435
5.18478
5.18521
5.18564
5.18607
5.18649
5.18692
5.18735
5.18778
5.18821
5.18864
5.18907
5.18950
5.18993
5.19035
5.19078
5.19121
5.19164
5.19207
5.19250
5.19293
5.19335
5.19378
5.19421
5.19464
5.19507
5.19550
5.19593
5.19635
5.19678
5.19721
5.19764
5.19807
5.19849
5.19892
5.19935
5.19978
5.20021
5.20063
5.20106
5.20149
5.20192
5.20235
5.20277
5.20320
5.20363
5.20406
5.20448
5.20491
5.20534
5.20577
5.20619
5.20662
5.20705
5.20748
5.20790
5.20833
5.20876
5.20919
5.20961
5.21004
5.21047
5.21090
5.21132
5.21175
5.21218
5.21260
5.21303
5.21346
5.21388
5.21431
5.21474
5.21516
5.21559
5.21602
5.21645
5.21687
5.21730
5.21773
5.21815
5.21858
5.21900
5.21943
5.21986
5.22028
5.22071
5.22114
5.22156
5.22199
5.22242
5.22284
5.22327
5.22369
5.22412
5.22455
5.22497
5.22540
5.22582
5.22625
5.22668
5.22710
5.22753
5.22795
5.22838
5.22881
5.22923
5.22966
5.23008
5.23051
5.23093
5.23136
5.23179
5.23221
5.23264
5.23306
5.23349
5.23391
5.23434
5.23476
5.23519
5.23561
5.23604
5.23646
5.23689
5.23731
5.23774
5.23817
5.23859
5.23902
5.23944
5.23986
5.24029
5.24071
5.24114
5.24156
5.24199
5.24241
5.24284
5.24326
5.24369
5.24411
5.24454
5.24496
5.24539
5.24581
5.24624
5.24666
5.24708
5.24751
5.24793
5.24836
5.24878
5.24921
5.24963
5.25005
5.25048
5.25090
5.25133
5.25175
5.25217
5.25260
5.25302
5.25345
5.25387
5.25429
5.25472
5.25514
5.25557
5.25599
5.25641
5.25684
5.25726
5.25768
5.25811
5.25853
5.25895
5.25938
5.25980
5.26022
5.26065
5.26107
5.26149
5.26192
5.26234
5.26276
5.26319
5.26361
5.26403
5.26446
5.26488
5.26530
5.26573
5.26615
5.26657
5.26699
5.26742
5.26784
5.26826
5.26869
5.26911
5.26953
5.26995
5.27038
5.27080
5.27122
5.27164
5.27207
5.27249
5.27291
5.27333
5.27376
5.27418
5.27460
5.27502
5.27545
5.27587
5.27629
5.27671
5.27713
5.27756
5.27798
5.27840
5.27882
5.27924
5.27967
5.28009
5.28051
5.28093
5.28135
5.28178
5.28220
5.28262
5.28304
5.28346
5.28388
5.28431
5.28473
5.28515
5.28557
5.28599
5.28641
5.28683
5.28726
5.28768
5.28810
5.28852
5.28894
5.28936
5.28978
5.29020
5.29063
5.29105
5.29147
5.29189
5.29231
5.29273
5.29315
5.29357
5.29399
5.29441
5.29483
5.29526
5.29568
5.29610
5.29652
5.29694
5.29736
5.29778
5.29820
5.29862
5.29904
5.29946
5.29988
5.30030
5.30072
5.30114
5.30156
5.30198
5.30240
5.30282
5.30324
5.30366
5.30408
5.30450
5.30492
5.30534
5.30576
5.30618
5.30660
5.30702
5.30744
5.30786
5.30828
5.30870
5.30912
5.30954
5.30996
5.31038
5.31080
5.31122
5.31164
5.31206
5.31248
5.31290
5.31332
5.31374
5.31416
5.31458
5.31500
5.31542
5.31583
5.31625
5.31667
5.31709
5.31751
5.31793
5.31835
5.31877
5.31919
5.31961
5.32003
5.32044
5.32086
5.32128
5.32170
5.32212
5.32254
5.32296
5.32338
5.32379
5.32421
5.32463
5.32505
5.32547
5.32589
5.32631
5.32672
5.32714
5.32756
5.32798
5.32840
5.32882
5.32923
5.32965
5.33007
5.33049
5.33091
5.33132
5.33174
5.33216
5.33258
5.33300
5.33341
5.33383
5.33425
5.33467
5.33509
5.33550
5.33592
5.33634
5.33676
5.33717
5.33759
5.33801
5.33843
5.33885
5.33926
5.33968
5.34010
5.34051
5.34093
5.34135
5.34177
5.34218
5.34260
5.34302
5.34344
5.34385
5.34427
5.34469
5.34510
5.34552
5.34594
5.34636
5.34677
5.34719
5.34761
5.34802
5.34844
5.34886
5.34927
5.34969
5.35011
5.35052
5.35094
5.35136
5.35177
5.35219
5.35261
5.35302
5.35344
5.35386
5.35427
5.35469
5.35511
5.35552
5.35594
5.35635
5.35677
5.35719
5.35760
5.35802
5.35843
5.35885
5.35927
5.35968
5.36010
5.36051
5.36093
5.36135
5.36176
5.36218
5.36259
5.36301
5.36343
5.36384
5.36426
5.36467
5.36509
5.36550
5.36592
5.36634
5.36675
5.36717
5.36758
5.36800
5.36841
5.36883
5.36924
5.36966
5.37007
5.37049
5.37090
5.37132
5.37173
5.37215
5.37256
5.37298
5.37339
5.37381
5.37422
5.37464
5.37505
5.37547
5.37588
5.37630
5.37671
5.37713
5.37754
5.37796
5.37837
5.37879
5.37920
5.37962
5.38003
5.38045
5.38086
5.38127
5.38169
5.38210
5.38252
5.38293
5.38335
5.38376
5.38417
5.38459
5.38500
5.38542
5.38583
5.38624
5.38666
5.38707
5.38749
5.38790
5.38831
5.38873
5.38914
5.38956
5.38997
5.39038
5.39080
5.39121
5.39163
5.39204
5.39245
5.39287
5.39328
5.39369
5.39411
5.39452
5.39493
5.39535
5.39576
5.39617
5.39659
5.39700
5.39741
5.39783
5.39824
5.39865
5.39907
5.39948
5.39989
5.40031
5.40072
5.40113
5.40155
5.40196
5.40237
5.40278
5.40320
5.40361
5.40402
5.40444
5.40485
5.40526
5.40567
5.40609
5.40650
5.40691
5.40732
5.40774
5.40815
5.40856
5.40897
5.40939
5.40980
5.41021
5.41062
5.41104
5.41145
5.41186
5.41227
5.41268
5.41310
5.41351
5.41392
5.41433
5.41474
5.41516
5.41557
5.41598
5.41639
5.41680
5.41722
5.41763
5.41804
5.41845
5.41886
5.41928
5.41969
5.42010
5.42051
5.42092
5.42133
5.42174
5.42216
5.42257
5.42298
5.42339
5.42380
5.42421
5.42462
5.42504
5.42545
5.42586
5.42627
5.42668
5.42709
5.42750
5.42791
5.42833
5.42874
5.42915
5.42956
5.42997
5.43038
5.43079
5.43120
5.43161
5.43202
5.43243
5.43285
5.43326
5.43367
5.43408
5.43449
5.43490
5.43531
5.43572
5.43613
5.43654
5.43695
5.43736
5.43777
5.43818
5.43859
5.43900
5.43941
5.43982
5.44023
5.44064
5.44105
5.44146
5.44187
5.44228
5.44269
5.44310
5.44351
5.44392
5.44433
5.44474
5.44515
5.44556
5.44597
5.44638
5.44679
5.44720
5.44761
5.44802
5.44843
5.44884
5.44925
5.44966
5.45007
5.45048
5.45089
5.45130
5.45171
5.45212
5.45253
5.45294
5.45334
5.45375
5.45416
5.45457
5.45498
5.45539
5.45580
5.45621
5.45662
5.45703
5.45744
5.45785
5.45825
5.45866
5.45907
5.45948
5.45989
5.46030
5.46071
5.46112
5.46152
5.46193
5.46234
5.46275
5.46316
5.46357
5.46398
5.46438
5.46479
5.46520
5.46561
5.46602
5.46643
5.46684
5.46724
5.46765
5.46806
5.46847
5.46888
5.46928
5.46969
5.47010
5.47051
5.47092
5.47132
5.47173
5.47214
5.47255
5.47296
5.47336
5.47377
5.47418
5.47459
5.47500
5.47540
5.47581
5.47622
5.47663
5.47703
5.47744
5.47785
5.47826
5.47866
5.47907
5.47948
5.47989
5.48029
5.48070
5.48111
5.48152
5.48192
5.48233
5.48274
5.48314
5.48355
5.48396
5.48437
5.48477
5.48518
5.48559
5.48599
5.48640
5.48681
5.48722
5.48762
5.48803
5.48844
5.48884
5.48925
5.48966
5.49006
5.49047
5.49088
5.49128
5.49169
5.49210
5.49250
5.49291
5.49332
5.49372
5.49413
5.49453
5.49494
5.49535
5.49575
5.49616
5.49657
5.49697
5.49738
5.49778
5.49819
5.49860
5.49900
5.49941
5.49982
5.50022
5.50063
5.50103
5.50144
5.50184
5.50225
5.50266
5.50306
5.50347
5.50387
5.50428
5.50469
5.50509
5.50550
5.50590
5.50631
5.50671
5.50712
5.50752
5.50793
5.50834
5.50874
5.50915
5.50955
5.50996
5.51036
5.51077
5.51117
5.51158
5.51198
5.51239
5.51279
5.51320
5.51360
5.51401
5.51441
5.51482
5.51522
5.51563
5.51603
5.51644
5.51684
5.51725
5.51765
5.51806
5.51846
5.51887
5.51927
5.51968
5.52008
5.52049
5.52089
5.52129
5.52170
5.52210
5.52251
5.52291
5.52332
5.52372
5.52413
5.52453
5.52493
5.52534
5.52574
5.52615
5.52655
5.52695
5.52736
5.52776
5.52817
5.52857
5.52898
5.52938
5.52978
5.53019
5.53059
5.53099
5.53140
5.53180
5.53221
5.53261
5.53301
5.53342
5.53382
5.53422
5.53463
5.53503
5.53544
5.53584
5.53624
5.53665
5.53705
5.53745
5.53786
5.53826
5.53866
5.53907
5.53947
5.53987
5.54028
5.54068
5.54108
5.54149
5.54189
5.54229
5.54269
5.54310
5.54350
5.54390
5.54431
5.54471
5.54511
5.54552
5.54592
5.54632
5.54672
5.54713
5.54753
5.54793
5.54833
5.54874
5.54914
5.54954
5.54995
5.55035
5.55075
5.55115
5.55156
5.55196
5.55236
5.55276
5.55316
5.55357
5.55397
5.55437
5.55477
5.55518
5.55558
5.55598
5.55638
5.55678
5.55719
5.55759
5.55799
5.55839
5.55879
5.55920
5.55960
5.56000
5.56040
5.56080
5.56121
5.56161
5.56201
5.56241
5.56281
5.56321
5.56362
5.56402
5.56442
5.56482
5.56522
5.56562
5.56603
5.56643
5.56683
5.56723
5.56763
5.56803
5.56843
5.56883
5.56924
5.56964
5.57004
5.57044
5.57084
5.57124
5.57164
5.57204
5.57245
5.57285
5.57325
5.57365
5.57405
5.57445
5.57485
5.57525
5.57565
5.57605
5.57645
5.57685
5.57726
5.57766
5.57806
5.57846
5.57886
5.57926
5.57966
5.58006
5.58046
5.58086
5.58126
5.58166
5.58206
5.58246
5.58286
5.58326
5.58366
5.58406
5.58446
5.58486
5.58526
5.58566
5.58606
5.58646
5.58686
5.58726
5.58766
5.58806
5.58846
5.58886
5.58926
5.58966
5.59006
5.59046
5.59086
5.59126
5.59166
5.59206
5.59246
5.59286
5.59326
5.59366
5.59406
5.59446
5.59486
5.59526
5.59566
5.59606
5.59646
5.59686
5.59726
5.59766
5.59805
5.59845
5.59885
5.59925
5.59965
5.60005
5.60045
5.60085
5.60125
5.60165
5.60205
5.60245
5.60284
5.60324
5.60364
5.60404
5.60444
5.60484
5.60524
5.60564
5.60603
5.60643
5.60683
5.60723
5.60763
5.60803
5.60843
5.60883
5.60922
5.60962
5.61002
5.61042
5.61082
5.61122
5.61161
5.61201
5.61241
5.61281
5.61321
5.61361
5.61400
5.61440
5.61480
5.61520
5.61560
5.61600
5.61639
5.61679
5.61719
5.61759
5.61799
5.61838
5.61878
5.61918
5.61958
5.61997
5.62037
5.62077
5.62117
5.62157
5.62196
5.62236
5.62276
5.62316
5.62355
5.62395
5.62435
5.62475
5.62514
5.62554
5.62594
5.62634
5.62673
5.62713
5.62753
5.62793
5.62832
5.62872
5.62912
5.62951
5.62991
5.63031
5.63071
5.63110
5.63150
5.63190
5.63229
5.63269
5.63309
5.63349
5.63388
5.63428
5.63468
5.63507
5.63547
5.63587
5.63626
5.63666
5.63706
5.63745
5.63785
5.63825
5.63864
5.63904
5.63944
5.63983
5.64023
5.64063
5.64102
5.64142
5.64181
5.64221
5.64261
5.64300
5.64340
5.64380
5.64419
5.64459
5.64498
5.64538
5.64578
5.64617
5.64657
5.64696
5.64736
5.64776
5.64815
5.64855
5.64894
5.64934
5.64974
5.65013
5.65053
5.65092
5.65132
5.65172
5.65211
5.65251
5.65290
5.65330
5.65369
5.65409
5.65448
5.65488
5.65528
5.65567
5.65607
5.65646
5.65686
5.65725
5.65765
5.65804
5.65844
5.65883
5.65923
5.65962
5.66002
5.66041
5.66081
5.66120
5.66160
5.66199
5.66239
5.66278
5.66318
5.66357
5.66397
5.66436
5.66476
5.66515
5.66555
5.66594
5.66634
5.66673
5.66713
5.66752
5.66792
5.66831
5.66871
5.66910
5.66950
5.66989
5.67028
5.67068
5.67107
5.67147
5.67186
5.67226
5.67265
5.67304
5.67344
5.67383
5.67423
5.67462
5.67502
5.67541
5.67580
5.67620
5.67659
5.67699
5.67738
5.67777
5.67817
5.67856
5.67896
5.67935
5.67974
5.68014
5.68053
5.68093
5.68132
5.68171
5.68211
5.68250
5.68289
5.68329
5.68368
5.68408
5.68447
5.68486
5.68526
5.68565
5.68604
5.68644
5.68683
5.68722
5.68762
5.68801
5.68840
5.68880
5.68919
5.68958
5.68998
5.69037
5.69076
5.69116
5.69155
5.69194
5.69233
5.69273
5.69312
5.69351
5.69391
5.69430
5.69469
5.69508
5.69548
5.69587
5.69626
5.69666
5.69705
5.69744
5.69783
5.69823
5.69862
5.69901
5.69940
5.69980
5.70019
5.70058
5.70097
5.70137
5.70176
5.70215
5.70254
5.70294
5.70333
5.70372
5.70411
5.70451
5.70490
5.70529
5.70568
5.70607
5.70647
5.70686
5.70725
5.70764
5.70804
5.70843
5.70882
5.70921
5.70960
5.70999
5.71039
5.71078
5.71117
5.71156
5.71195
5.71235
5.71274
5.71313
5.71352
5.71391
5.71430
5.71470
5.71509
5.71548
5.71587
5.71626
5.71665
5.71704
5.71744
5.71783
5.71822
5.71861
5.71900
5.71939
5.71978
5.72018
5.72057
5.72096
5.72135
5.72174
5.72213
5.72252
5.72291
5.72330
5.72370
5.72409
5.72448
5.72487
5.72526
5.72565
5.72604
5.72643
5.72682
5.72721
5.72760
5.72799
5.72839
5.72878
5.72917
5.72956
5.72995
5.73034
5.73073
5.73112
5.73151
5.73190
5.73229
5.73268
5.73307
5.73346
5.73385
5.73424
5.73463
5.73502
5.73541
5.73580
5.73619
5.73658
5.73697
5.73736
5.73775
5.73814
5.73853
5.73892
5.73931
5.73970
5.74009
5.74048
5.74087
5.74126
5.74165
5.74204
5.74243
5.74282
5.74321
5.74360
5.74399
5.74438
5.74477
5.74516
5.74555
5.74594
5.74633
5.74672
5.74711
5.74750
5.74789
5.74828
5.74867
5.74906
5.74945
5.74984
5.75022
5.75061
5.75100
5.75139
5.75178
5.75217
5.75256
5.75295
5.75334
5.75373
5.75412
5.75450
5.75489
5.75528
5.75567
5.75606
5.75645
5.75684
5.75723
5.75762
5.75801
5.75839
5.75878
5.75917
5.75956
5.75995
5.76034
5.76073
5.76111
5.76150
5.76189
5.76228
5.76267
5.76306
5.76345
5.76383
5.76422
5.76461
5.76500
5.76539
5.76578
5.76616
5.76655
5.76694
5.76733
5.76772
5.76811
5.76849
5.76888
5.76927
5.76966
5.77005
5.77043
5.77082
5.77121
5.77160
5.77199
5.77237
5.77276
5.77315
5.77354
5.77392
5.77431
5.77470
5.77509
5.77548
5.77586
5.77625
5.77664
5.77703
5.77741
5.77780
5.77819
5.77858
5.77896
5.77935
5.77974
5.78013
5.78051
5.78090
5.78129
5.78167
5.78206
5.78245
5.78284
5.78322
5.78361
5.78400
5.78439
5.78477
5.78516
5.78555
5.78593
5.78632
5.78671
5.78709
5.78748
5.78787
5.78826
5.78864
5.78903
5.78942
5.78980
5.79019
5.79058
5.79096
5.79135
5.79174
5.79212
5.79251
5.79290
5.79328
5.79367
5.79406
5.79444
5.79483
5.79521
5.79560
5.79599
5.79637
5.79676
5.79715
5.79753
5.79792
5.79831
5.79869
5.79908
5.79946
5.79985
5.80024
5.80062
5.80101
5.80139
5.80178
5.80217
5.80255
5.80294
5.80332
5.80371
5.80410
5.80448
5.80487
5.80525
5.80564
5.80602
5.80641
5.80680
5.80718
5.80757
5.80795
5.80834
5.80872
5.80911
5.80950
5.80988
5.81027
5.81065
5.81104
5.81142
5.81181
5.81219
5.81258
5.81296
5.81335
5.81373
5.81412
5.81451
5.81489
5.81528
5.81566
5.81605
5.81643
5.81682
5.81720
5.81759
5.81797
5.81836
5.81874
5.81913
5.81951
5.81990
5.82028
5.82067
5.82105
5.82143
5.82182
5.82220
5.82259
5.82297
5.82336
5.82374
5.82413
5.82451
5.82490
5.82528
5.82567
5.82605
5.82643
5.82682
5.82720
5.82759
5.82797
5.82836
5.82874
5.82913
5.82951
5.82989
5.83028
5.83066
5.83105
5.83143
5.83181
5.83220
5.83258
5.83297
5.83335
5.83374
5.83412
5.83450
5.83489
5.83527
5.83565
5.83604
5.83642
5.83681
5.83719
5.83757
5.83796
5.83834
5.83873
5.83911
5.83949
5.83988
5.84026
5.84064
5.84103
5.84141
5.84179
5.84218
5.84256
5.84294
5.84333
5.84371
5.84409
5.84448
5.84486
5.84524
5.84563
5.84601
5.84639
5.84678
5.84716
5.84754
5.84793
5.84831
5.84869
5.84908
5.84946
5.84984
5.85023
5.85061
5.85099
5.85137
5.85176
5.85214
5.85252
5.85291
5.85329
5.85367
5.85405
5.85444
5.85482
5.85520
5.85558
5.85597
5.85635
5.85673
5.85711
5.85750
5.85788
5.85826
5.85864
5.85903
5.85941
5.85979
5.86017
5.86056
5.86094
5.86132
5.86170
5.86209
5.86247
5.86285
5.86323
5.86361
5.86400
5.86438
5.86476
5.86514
5.86553
5.86591
5.86629
5.86667
5.86705
5.86744
5.86782
5.86820
5.86858
5.86896
5.86934
5.86973
5.87011
5.87049
5.87087
5.87125
5.87163
5.87202
5.87240
5.87278
5.87316
5.87354
5.87392
5.87431
5.87469
5.87507
5.87545
5.87583
5.87621
5.87659
5.87698
5.87736
5.87774
5.87812
5.87850
5.87888
5.87926
5.87964
5.88003
5.88041
5.88079
5.88117
5.88155
5.88193
5.88231
5.88269
5.88307
5.88345
5.88384
5.88422
5.88460
5.88498
5.88536
5.88574
5.88612
5.88650
5.88688
5.88726
5.88764
5.88802
5.88840
5.88879
5.88917
5.88955
5.88993
5.89031
5.89069
5.89107
5.89145
5.89183
5.89221
5.89259
5.89297
5.89335
5.89373
5.89411
5.89449
5.89487
5.89525
5.89563
5.89601
5.89639
5.89677
5.89715
5.89753
5.89791
5.89829
5.89867
5.89905
5.89943
5.89981
5.90019
5.90057
5.90095
5.90133
5.90171
5.90209
5.90247
5.90285
5.90323
5.90361
5.90399
5.90437
5.90475
5.90513
5.90551
5.90589
5.90627
5.90665
5.90703
5.90741
5.90779
5.90817
5.90854
5.90892
5.90930
5.90968
5.91006
5.91044
5.91082
5.91120
5.91158
5.91196
5.91234
5.91272
5.91310
5.91347
5.91385
5.91423
5.91461
5.91499
5.91537
5.91575
5.91613
5.91651
5.91689
5.91726
5.91764
5.91802
5.91840
5.91878
5.91916
5.91954
5.91992
5.92029
5.92067
5.92105
5.92143
5.92181
5.92219
5.92257
5.92294
5.92332
5.92370
5.92408
5.92446
5.92484
5.92522
5.92559
5.92597
5.92635
5.92673
5.92711
5.92748
5.92786
5.92824
5.92862
5.92900
5.92938
5.92975
5.93013
5.93051
5.93089
5.93127
5.93164
5.93202
5.93240
5.93278
5.93316
5.93353
5.93391
5.93429
5.93467
5.93504
5.93542
5.93580
5.93618
5.93656
5.93693
5.93731
5.93769
5.93807
5.93844
5.93882
5.93920
5.93958
5.93995
5.94033
5.94071
5.94109
5.94146
5.94184
5.94222
5.94260
5.94297
5.94335
5.94373
5.94411
5.94448
5.94486
5.94524
5.94561
5.94599
5.94637
5.94675
5.94712
5.94750
5.94788
5.94825
5.94863
5.94901
5.94938
5.94976
5.95014
5.95051
5.95089
5.95127
5.95165
5.95202
5.95240
5.95278
5.95315
5.95353
5.95391
5.95428
5.95466
5.95504
5.95541
5.95579
5.95616
5.95654
5.95692
5.95729
5.95767
5.95805
5.95842
5.95880
5.95918
5.95955
5.95993
5.96030
5.96068
5.96106
5.96143
5.96181
5.96219
5.96256
5.96294
5.96331
5.96369
5.96407
5.96444
5.96482
5.96519
5.96557
5.96595
5.96632
5.96670
5.96707
5.96745
5.96783
5.96820
5.96858
5.96895
5.96933
5.96970
5.97008
5.97046
5.97083
5.97121
5.97158
5.97196
5.97233
5.97271
5.97308
5.97346
5.97384
5.97421
5.97459
5.97496
5.97534
5.97571
5.97609
5.97646
5.97684
5.97721
5.97759
5.97796
5.97834
5.97871
5.97909
5.97946
5.97984
5.98021
5.98059
5.98096
5.98134
5.98171
5.98209
5.98246
5.98284
5.98321
5.98359
5.98396
5.98434
5.98471
5.98509
5.98546
5.98584
5.98621
5.98659
5.98696
5.98734
5.98771
5.98809
5.98846
5.98884
5.98921
5.98958
5.98996
5.99033
5.99071
5.99108
5.99146
5.99183
5.99221
5.99258
5.99295
5.99333
5.99370
5.99408
5.99445
5.99483
5.99520
5.99557
5.99595
5.99632
5.99670
5.99707
5.99744
5.99782
5.99819
5.99857
5.99894
5.99931
5.99969
6.00006
6.00044
6.00081
6.00118
6.00156
6.00193
6.00230
6.00268
6.00305
6.00343
6.00380
6.00417
6.00455
6.00492
6.00529
6.00567
6.00604
6.00641
6.00679
6.00716
6.00754
6.00791
6.00828
6.00866
6.00903
6.00940
6.00978
6.01015
6.01052
6.01090
6.01127
6.01164
6.01201
6.01239
6.01276
6.01313
6.01351
6.01388
6.01425
6.01463
6.01500
6.01537
6.01575
6.01612
6.01649
6.01686
6.01724
6.01761
6.01798
6.01836
6.01873
6.01910
6.01947
6.01985
6.02022
6.02059
6.02096
6.02134
6.02171
6.02208
6.02246
6.02283
6.02320
6.02357
6.02395
6.02432
6.02469
6.02506
6.02544
6.02581
6.02618
6.02655
6.02692
6.02730
6.02767
6.02804
6.02841
6.02879
6.02916
6.02953
6.02990
6.03027
6.03065
6.03102
6.03139
6.03176
6.03213
6.03251
6.03288
6.03325
6.03362
6.03399
6.03437
6.03474
6.03511
6.03548
6.03585
6.03623
6.03660
6.03697
6.03734
6.03771
6.03808
6.03846
6.03883
6.03920
6.03957
6.03994
6.04031
6.04068
6.04106
6.04143
6.04180
6.04217
6.04254
6.04291
6.04328
6.04366
6.04403
6.04440
6.04477
6.04514
6.04551
6.04588
6.04625
6.04663
6.04700
6.04737
6.04774
6.04811
6.04848
6.04885
6.04922
6.04959
6.04997
6.05034
6.05071
6.05108
6.05145
6.05182
6.05219
6.05256
6.05293
6.05330
6.05367
6.05404
6.05441
6.05479
6.05516
6.05553
6.05590
6.05627
6.05664
6.05701
6.05738
6.05775
6.05812
6.05849
6.05886
6.05923
6.05960
6.05997
6.06034
6.06071
6.06108
6.06145
6.06182
6.06219
6.06256
6.06294
6.06331
6.06368
6.06405
6.06442
6.06479
6.06516
6.06553
6.06590
6.06627
6.06664
6.06701
6.06738
6.06775
6.06812
6.06849
6.06886
6.06923
6.06960
6.06997
6.07033
6.07070
6.07107
6.07144
6.07181
6.07218
6.07255
6.07292
6.07329
6.07366
6.07403
6.07440
6.07477
6.07514
6.07551
6.07588
6.07625
6.07662
6.07699
6.07736
6.07773
6.07810
6.07846
6.07883
6.07920
6.07957
6.07994
6.08031
6.08068
6.08105
6.08142
6.08179
6.08216
6.08253
6.08289
6.08326
6.08363
6.08400
6.08437
6.08474
6.08511
6.08548
6.08585
6.08621
6.08658
6.08695
6.08732
6.08769
6.08806
6.08843
6.08880
6.08917
6.08953
6.08990
6.09027
6.09064
6.09101
6.09138
6.09175
6.09211
6.09248
6.09285
6.09322
6.09359
6.09396
6.09432
6.09469
6.09506
6.09543
6.09580
6.09617
6.09653
6.09690
6.09727
6.09764
6.09801
6.09838
6.09874
6.09911
6.09948
6.09985
6.10022
6.10058
6.10095
6.10132
6.10169
6.10206
6.10242
6.10279
6.10316
6.10353
6.10390
6.10426
6.10463
6.10500
6.10537
6.10573
6.10610
6.10647
6.10684
6.10720
6.10757
6.10794
6.10831
6.10868
6.10904
6.10941
6.10978
6.11015
6.11051
6.11088
6.11125
6.11161
6.11198
6.11235
6.11272
6.11308
6.11345
6.11382
6.11419
6.11455
6.11492
6.11529
6.11565
6.11602
6.11639
6.11676
6.11712
6.11749
6.11786
6.11822
6.11859
6.11896
6.11933
6.11969
6.12006
6.12043
6.12079
6.12116
6.12153
6.12189
6.12226
6.12263
6.12299
6.12336
6.12373
6.12409
6.12446
6.12483
6.12519
6.12556
6.12593
6.12629
6.12666
6.12703
6.12739
6.12776
6.12813
6.12849
6.12886
6.12923
6.12959
6.12996
6.13032
6.13069
6.13106
6.13142
6.13179
6.13216
6.13252
6.13289
6.13325
6.13362
6.13399
6.13435
6.13472
6.13508
6.13545
6.13582
6.13618
6.13655
6.13691
6.13728
6.13765
6.13801
6.13838
6.13874
6.13911
6.13948
6.13984
6.14021
6.14057
6.14094
6.14130
6.14167
6.14204
6.14240
6.14277
6.14313
6.14350
6.14386
6.14423
6.14459
6.14496
6.14533
6.14569
6.14606
6.14642
6.14679
6.14715
6.14752
6.14788
6.14825
6.14861
6.14898
6.14934
6.14971
6.15008
6.15044
6.15081
6.15117
6.15154
6.15190
6.15227
6.15263
6.15300
6.15336
6.15373
6.15409
6.15446
6.15482
6.15519
6.15555
6.15592
6.15628
6.15665
6.15701
6.15738
6.15774
6.15810
6.15847
6.15883
6.15920
6.15956
6.15993
6.16029
6.16066
6.16102
6.16139
6.16175
6.16212
6.16248
6.16284
6.16321
6.16357
6.16394
6.16430
6.16467
6.16503
6.16540
6.16576
6.16612
6.16649
6.16685
6.16722
6.16758
6.16795
6.16831
6.16867
6.16904
6.16940
6.16977
6.17013
6.17049
6.17086
6.17122
6.17159
6.17195
6.17231
6.17268
6.17304
6.17341
6.17377
6.17413
6.17450
6.17486
6.17522
6.17559
6.17595
6.17632
6.17668
6.17704
6.17741
6.17777
6.17813
6.17850
6.17886
6.17923
6.17959
6.17995
6.18032
6.18068
6.18104
6.18141
6.18177
6.18213
6.18250
6.18286
6.18322
6.18359
6.18395
6.18431
6.18468
6.18504
6.18540
6.18577
6.18613
6.18649
6.18686
6.18722
6.18758
6.18794
6.18831
6.18867
6.18903
6.18940
6.18976
6.19012
6.19049
6.19085
6.19121
6.19157
6.19194
6.19230
6.19266
6.19303
6.19339
6.19375
6.19411
6.19448
6.19484
6.19520
6.19556
6.19593
6.19629
6.19665
6.19702
6.19738
6.19774
6.19810
6.19847
6.19883
6.19919
6.19955
6.19991
6.20028
6.20064
6.20100
6.20136
6.20173
6.20209
6.20245
6.20281
6.20318
6.20354
6.20390
6.20426
6.20462
6.20499
6.20535
6.20571
6.20607
6.20643
6.20680
6.20716
6.20752
6.20788
6.20824
6.20861
6.20897
6.20933
6.20969
6.21005
6.21042
6.21078
6.21114
6.21150
6.21186
6.21222
6.21259
6.21295
6.21331
6.21367
6.21403
6.21439
6.21476
6.21512
6.21548
6.21584
6.21620
6.21656
6.21693
6.21729
6.21765
6.21801
6.21837
6.21873
6.21909
6.21946
6.21982
6.22018
6.22054
6.22090
6.22126
6.22162
6.22198
6.22234
6.22271
6.22307
6.22343
6.22379
6.22415
6.22451
6.22487
6.22523
6.22559
6.22596
6.22632
6.22668
6.22704
6.22740
6.22776
6.22812
6.22848
6.22884
6.22920
6.22956
6.22992
6.23029
6.23065
6.23101
6.23137
6.23173
6.23209
6.23245
6.23281
6.23317
6.23353
6.23389
6.23425
6.23461
6.23497
6.23533
6.23569
6.23605
6.23641
6.23678
6.23714
6.23750
6.23786
6.23822
6.23858
6.23894
6.23930
6.23966
6.24002
6.24038
6.24074
6.24110
6.24146
6.24182
6.24218
6.24254
6.24290
6.24326
6.24362
6.24398
6.24434
6.24470
6.24506
6.24542
6.24578
6.24614
6.24650
6.24686
6.24722
6.24758
6.24794
6.24830
6.24866
6.24902
6.24938
6.24973
6.25009
6.25045
6.25081
6.25117
6.25153
6.25189
6.25225
6.25261
6.25297
6.25333
6.25369
6.25405
6.25441
6.25477
6.25513
6.25549
6.25585
6.25621
6.25656
6.25692
6.25728
6.25764
6.25800
6.25836
6.25872
6.25908
6.25944
6.25980
6.26016
6.26052
6.26087
6.26123
6.26159
6.26195
6.26231
6.26267
6.26303
6.26339
6.26375
6.26410
6.26446
6.26482
6.26518
6.26554
6.26590
6.26626
6.26662
6.26698
6.26733
6.26769
6.26805
6.26841
6.26877
6.26913
6.26949
6.26984
6.27020
6.27056
6.27092
6.27128
6.27164
6.27199
6.27235
6.27271
6.27307
6.27343
6.27379
6.27415
6.27450
6.27486
6.27522
6.27558
6.27594
6.27629
6.27665
6.27701
6.27737
6.27773
6.27809
6.27844
6.27880
6.27916
6.27952
6.27988
6.28023
6.28059
6.28095
6.28131
6.28167
6.28202
6.28238
6.28274
6.28310
6.28345
6.28381
6.28417
6.28453
6.28489
6.28524
6.28560
6.28596
6.28632
6.28667
6.28703
6.28739
6.28775
6.28810
6.28846
6.28882
6.28918
6.28953
6.28989
6.29025
6.29061
6.29096
6.29132
6.29168
6.29204
6.29239
6.29275
6.29311
6.29347
6.29382
6.29418
6.29454
6.29489
6.29525
6.29561
6.29597
6.29632
6.29668
6.29704
6.29739
6.29775
6.29811
6.29847
6.29882
6.29918
6.29954
6.29989
6.30025
6.30061
6.30096
6.30132
6.30168
6.30203
6.30239
6.30275
6.30310
6.30346
6.30382
6.30417
6.30453
6.30489
6.30524
6.30560
6.30596
6.30631
6.30667
6.30703
6.30738
6.30774
6.30810
6.30845
6.30881
6.30917
6.30952
6.30988
6.31023
6.31059
6.31095
6.31130
6.31166
6.31202
6.31237
6.31273
6.31309
6.31344
6.31380
6.31415
6.31451
6.31487
6.31522
6.31558
6.31593
6.31629
6.31665
6.31700
6.31736
6.31771
6.31807
6.31843
6.31878
6.31914
6.31949
6.31985
6.32021
6.32056
6.32092
6.32127
6.32163
6.32198
6.32234
6.32270
6.32305
6.32341
6.32376
6.32412
6.32447
6.32483
6.32518
6.32554
6.32590
6.32625
6.32661
6.32696
6.32732
6.32767
6.32803
6.32838
6.32874
6.32909
6.32945
6.32981
6.33016
6.33052
6.33087
6.33123
6.33158
6.33194
6.33229
6.33265
6.33300
6.33336
6.33371
6.33407
6.33442
6.33478
6.33513
6.33549
6.33584
6.33620
6.33655
6.33691
6.33726
6.33762
6.33797
6.33833
6.33868
6.33904
6.33939
6.33975
6.34010
6.34046
6.34081
6.34116
6.34152
6.34187
6.34223
6.34258
6.34294
6.34329
6.34365
6.34400
6.34436
6.34471
6.34507
6.34542
6.34577
6.34613
6.34648
6.34684
6.34719
6.34755
6.34790
6.34825
6.34861
6.34896
6.34932
6.34967
6.35003
6.35038
6.35073
6.35109
6.35144
6.35180
6.35215
6.35251
6.35286
6.35321
6.35357
6.35392
6.35428
6.35463
6.35498
6.35534
6.35569
6.35605
6.35640
6.35675
6.35711
6.35746
6.35781
6.35817
6.35852
6.35888
6.35923
6.35958
6.35994
6.36029
6.36064
6.36100
6.36135
6.36171
6.36206
6.36241
6.36277
6.36312
6.36347
6.36383
6.36418
6.36453
6.36489
6.36524
6.36559
6.36595
6.36630
6.36665
6.36701
6.36736
6.36771
6.36807
6.36842
6.36877
6.36913
6.36948
6.36983
6.37019
6.37054
6.37089
6.37125
6.37160
6.37195
6.37230
6.37266
6.37301
6.37336
6.37372
6.37407
6.37442
6.37478
6.37513
6.37548
6.37583
6.37619
6.37654
6.37689
6.37725
6.37760
6.37795
6.37830
6.37866
6.37901
6.37936
6.37971
6.38007
6.38042
6.38077
6.38112
6.38148
6.38183
6.38218
6.38253
6.38289
6.38324
6.38359
6.38394
6.38430
6.38465
6.38500
6.38535
6.38571
6.38606
6.38641
6.38676
6.38712
6.38747
6.38782
6.38817
6.38852
6.38888
6.38923
6.38958
6.38993
6.39028
6.39064
6.39099
6.39134
6.39169
6.39205
6.39240
6.39275
6.39310
6.39345
6.39380
6.39416
6.39451
6.39486
6.39521
6.39556
6.39592
6.39627
6.39662
6.39697
6.39732
6.39767
6.39803
6.39838
6.39873
6.39908
6.39943
6.39978
6.40014
6.40049
6.40084
6.40119
6.40154
6.40189
6.40225
6.40260
6.40295
6.40330
6.40365
6.40400
6.40435
6.40470
6.40506
6.40541
6.40576
6.40611
6.40646
6.40681
6.40716
6.40751
6.40787
6.40822
6.40857
6.40892
6.40927
6.40962
6.40997
6.41032
6.41067
6.41103
6.41138
6.41173
6.41208
6.41243
6.41278
6.41313
6.41348
6.41383
6.41418
6.41453
6.41489
6.41524
6.41559
6.41594
6.41629
6.41664
6.41699
6.41734
6.41769
6.41804
6.41839
6.41874
6.41909
6.41944
6.41979
6.42015
6.42050
6.42085
6.42120
6.42155
6.42190
6.42225
6.42260
6.42295
6.42330
6.42365
6.42400
6.42435
6.42470
6.42505
6.42540
6.42575
6.42610
6.42645
6.42680
6.42715
6.42750
6.42785
6.42820
6.42855
6.42890
6.42925
6.42960
6.42995
6.43030
6.43065
6.43100
6.43135
6.43170
6.43205
6.43240
6.43275
6.43310
6.43345
6.43380
6.43415
6.43450
6.43485
6.43520
6.43555
6.43590
6.43625
6.43660
6.43695
6.43730
6.43765
6.43800
6.43835
6.43870
6.43905
6.43940
6.43975
6.44010
6.44044
6.44079
6.44114
6.44149
6.44184
6.44219
6.44254
6.44289
6.44324
6.44359
6.44394
6.44429
6.44464
6.44499
6.44534
6.44568
6.44603
6.44638
6.44673
6.44708
6.44743
6.44778
6.44813
6.44848
6.44883
6.44918
6.44952
6.44987
6.45022
6.45057
6.45092
6.45127
6.45162
6.45197
6.45232
6.45266
6.45301
6.45336
6.45371
6.45406
6.45441
6.45476
6.45511
6.45545
6.45580
6.45615
6.45650
6.45685
6.45720
6.45755
6.45789
6.45824
6.45859
6.45894
6.45929
6.45964
6.45999
6.46033
6.46068
6.46103
6.46138
6.46173
6.46208
6.46242
6.46277
6.46312
6.46347
6.46382
6.46417
6.46451
6.46486
6.46521
6.46556
6.46591
6.46626
6.46660
6.46695
